IWN,2011-10-28,67.33,67.84,66.82,67.10,1450900,67.10
IWN,2011-10-27,66.60,67.97,65.80,67.55,1573400,67.55
IWN,2011-10-26,64.22,64.52,62.53,64.10,1004000,64.10
IWN,2011-10-25,64.50,64.50,62.93,63.14,978200,63.14
IWN,2011-10-24,63.30,65.04,63.19,64.93,1065900,64.93
IWN,2011-10-21,62.58,63.10,62.05,63.09,763600,63.09
IWN,2011-10-20,61.78,61.78,60.04,61.69,956700,61.69
IWN,2011-10-19,62.43,62.89,61.18,61.51,1452800,61.51
IWN,2011-10-18,60.89,62.97,59.98,62.52,1090400,62.52
IWN,2011-10-17,62.02,62.12,60.37,60.65,1019900,60.65
IWN,2011-10-14,62.17,62.78,61.51,62.63,861900,62.63
IWN,2011-10-13,61.31,61.82,60.47,61.48,1053800,61.48
IWN,2011-10-12,61.30,62.32,61.04,61.73,898700,61.73
IWN,2011-10-11,59.71,60.99,59.58,60.76,1317600,60.76
IWN,2011-10-10,58.92,60.34,58.80,60.27,788200,60.27
IWN,2011-10-07,59.55,59.76,57.59,57.75,2065300,57.75
IWN,2011-10-06,58.12,59.57,57.66,59.44,1135300,59.44
IWN,2011-10-05,57.59,58.51,56.82,58.19,5339100,58.19
IWN,2011-10-04,53.51,57.69,53.40,57.65,3900000,57.65
IWN,2011-10-03,56.72,57.70,54.07,54.15,2735700,54.15
IWN,2011-09-30,57.86,58.64,57.03,57.03,1915600,57.03
IWN,2011-09-29,58.81,59.07,57.19,58.84,1465000,58.84
IWN,2011-09-28,59.67,59.89,57.35,57.48,1353500,57.48
IWN,2011-09-27,59.61,61.03,59.17,59.66,1554700,59.66
IWN,2011-09-26,57.92,58.59,56.84,58.55,1158700,58.55
IWN,2011-09-23,56.68,57.82,56.47,57.34,3223000,57.34
IWN,2011-09-22,56.40,58.10,56.12,57.06,2104700,56.77
IWN,2011-09-21,60.71,61.18,58.47,58.52,895800,58.23
IWN,2011-09-20,62.00,62.62,60.87,60.93,818200,60.62
IWN,2011-09-19,61.95,62.40,61.25,61.81,931600,61.50
IWN,2011-09-16,63.16,63.51,62.56,63.05,1351400,62.73
IWN,2011-09-15,62.74,62.96,61.78,62.93,1041100,62.61
IWN,2011-09-14,61.59,62.88,60.43,62.12,1264700,61.81
IWN,2011-09-13,60.57,61.27,60.04,61.13,1045900,60.82
IWN,2011-09-12,58.74,60.21,58.59,60.18,3188600,59.88
IWN,2011-09-09,60.73,60.99,59.05,59.66,1310700,59.36
IWN,2011-09-08,62.10,62.85,61.08,61.37,2562000,61.06
IWN,2011-09-07,61.16,62.63,60.90,62.54,718200,62.23
IWN,2011-09-06,58.53,60.25,58.28,60.17,1839800,59.87
IWN,2011-09-02,61.33,61.82,60.20,60.41,1196400,60.11
IWN,2011-09-01,64.37,65.09,62.45,62.76,2429700,62.44
IWN,2011-08-31,64.76,65.25,63.73,64.29,1602100,63.97
IWN,2011-08-30,63.76,64.80,62.94,64.30,993900,63.98
IWN,2011-08-29,62.02,64.25,61.90,64.19,751700,63.87
IWN,2011-08-26,59.86,61.46,58.79,61.26,1208800,60.95
IWN,2011-08-25,62.29,62.58,59.81,60.08,1829200,59.78
IWN,2011-08-24,60.59,61.92,60.16,61.56,1476200,61.25
IWN,2011-08-23,58.42,60.65,57.90,60.60,1203200,60.30
IWN,2011-08-22,59.86,59.86,57.69,58.16,1576600,57.87
IWN,2011-08-19,58.16,60.12,58.05,58.22,1692600,57.93
IWN,2011-08-18,60.39,60.70,58.85,59.34,2097100,59.04
IWN,2011-08-17,62.87,63.38,62.02,62.59,1435300,62.28
IWN,2011-08-16,62.47,63.24,61.79,62.39,3276800,62.08
IWN,2011-08-15,62.39,63.50,62.21,63.41,2089200,63.09
IWN,2011-08-12,62.16,62.62,60.92,61.55,2453900,61.24
IWN,2011-08-11,58.97,62.43,58.70,61.47,3142500,61.16
IWN,2011-08-10,60.24,61.22,58.53,58.72,4702700,58.42
IWN,2011-08-09,59.84,62.14,56.86,62.06,4166300,61.75
IWN,2011-08-08,61.57,63.30,58.15,58.15,6797500,57.86
IWN,2011-08-05,65.51,65.86,62.42,63.73,7512000,63.41
IWN,2011-08-04,67.70,67.77,64.79,64.79,5512500,64.46
IWN,2011-08-03,68.16,68.71,66.66,68.59,3262100,68.25
IWN,2011-08-02,69.93,70.63,68.13,68.34,2802100,68.00
IWN,2011-08-01,71.48,71.72,69.74,70.38,2614800,70.03
IWN,2011-07-29,69.84,71.11,69.53,70.73,2329300,70.37
IWN,2011-07-28,70.84,71.69,70.69,70.78,2206000,70.42
IWN,2011-07-27,72.40,72.42,70.80,70.94,3193300,70.58
IWN,2011-07-26,73.17,73.33,72.62,72.85,1497500,72.48
IWN,2011-07-25,73.10,73.82,73.02,73.27,1434800,72.90
IWN,2011-07-22,74.20,74.25,73.63,74.07,1540100,73.70
IWN,2011-07-21,73.53,74.38,73.45,74.28,1784400,73.91
IWN,2011-07-20,73.35,73.41,72.92,73.28,1137700,72.91
IWN,2011-07-19,72.32,73.34,72.31,73.25,1326500,72.88
IWN,2011-07-18,72.72,72.89,71.48,71.92,1651100,71.56
IWN,2011-07-15,72.98,73.21,72.57,73.05,1408100,72.68
IWN,2011-07-14,74.01,74.21,72.52,72.67,1783000,72.30
IWN,2011-07-13,73.65,74.55,73.51,73.82,1601200,73.45
IWN,2011-07-12,73.19,74.05,73.16,73.29,2406700,72.92
IWN,2011-07-11,74.14,74.41,73.35,73.52,2073700,73.15
IWN,2011-07-08,74.60,75.04,74.38,75.01,971800,74.63
IWN,2011-07-07,74.96,75.74,74.78,75.48,1802400,75.10
IWN,2011-07-06,73.92,74.45,73.75,74.35,1771900,73.98
IWN,2011-07-05,74.31,74.31,73.67,74.08,3033700,73.71
IWN,2011-07-01,73.32,74.63,73.23,74.48,1654100,73.74
IWN,2011-06-30,72.94,73.57,72.82,73.41,1174200,72.68
IWN,2011-06-29,72.73,72.87,72.19,72.74,1601300,72.02
IWN,2011-06-28,71.89,72.48,71.67,72.46,2053300,71.74
IWN,2011-06-27,71.05,71.72,70.82,71.58,1503600,70.87
IWN,2011-06-24,71.61,71.84,70.77,71.12,1880700,70.41
IWN,2011-06-23,70.74,71.65,69.95,71.47,3386900,70.76
IWN,2011-06-22,71.75,72.48,71.55,71.59,1697600,70.88
IWN,2011-06-21,71.40,72.19,71.22,72.12,1746000,71.40
IWN,2011-06-20,69.97,71.10,69.97,70.84,3124700,70.13
IWN,2011-06-17,70.51,70.84,69.82,70.16,2708000,69.46
IWN,2011-06-16,69.72,70.54,69.22,70.01,2432000,69.31
IWN,2011-06-15,70.14,70.58,69.33,69.68,2154600,68.99
IWN,2011-06-14,70.07,71.09,69.93,70.84,1979900,70.13
IWN,2011-06-13,69.45,70.02,69.04,69.45,1402300,68.76
IWN,2011-06-10,70.22,70.31,69.20,69.54,2456000,68.85
IWN,2011-06-09,70.65,70.99,70.32,70.59,1508400,69.89
IWN,2011-06-08,70.77,71.13,70.34,70.45,2283300,69.75
IWN,2011-06-07,71.46,71.71,71.06,71.10,1924400,70.39
IWN,2011-06-06,71.81,72.10,70.91,70.97,1275100,70.26
IWN,2011-06-03,71.82,72.61,71.70,71.94,2092800,71.22
IWN,2011-06-02,73.04,73.42,72.53,72.92,1632900,72.19
IWN,2011-06-01,75.24,75.24,72.89,73.01,2001500,72.28
IWN,2011-05-31,75.12,75.30,74.47,75.29,1731700,74.54
IWN,2011-05-27,73.96,74.40,73.85,74.19,959500,73.45
IWN,2011-05-26,72.52,73.69,72.40,73.65,1155900,72.92
IWN,2011-05-25,72.83,73.06,71.83,72.83,1748900,72.10
IWN,2011-05-24,72.52,72.89,71.97,72.11,2086900,71.39
IWN,2011-05-23,72.21,72.84,72.20,72.44,4518900,71.72
IWN,2011-05-20,73.87,74.04,73.18,73.53,1310100,72.80
IWN,2011-05-19,74.46,74.53,73.55,74.11,1260500,73.37
IWN,2011-05-18,73.08,73.97,72.95,73.97,2094700,73.23
IWN,2011-05-17,72.62,73.26,72.59,73.02,2832400,72.29
IWN,2011-05-16,73.52,74.41,73.18,73.25,1461600,72.52
IWN,2011-05-13,75.21,75.44,73.85,74.09,1705400,73.35
IWN,2011-05-12,74.11,75.34,73.83,75.14,2080400,74.39
IWN,2011-05-11,75.78,75.78,74.30,74.62,2544500,73.88
IWN,2011-05-10,75.01,75.95,75.01,75.91,4010500,75.15
IWN,2011-05-09,74.02,74.83,73.84,74.71,2084200,73.97
IWN,2011-05-06,74.63,75.00,73.73,74.02,1918900,73.28
IWN,2011-05-05,73.71,74.87,73.50,73.90,4491600,73.16
IWN,2011-05-04,75.19,75.38,73.89,74.27,2687600,73.53
IWN,2011-05-03,75.69,76.03,74.62,75.18,2450400,74.43
IWN,2011-05-02,76.98,77.00,75.74,75.83,2812300,75.07
IWN,2011-04-29,76.45,76.84,76.18,76.59,1000000,75.83
IWN,2011-04-28,75.93,76.44,75.85,76.37,2246200,75.61
IWN,2011-04-27,75.58,76.15,75.49,76.02,1131700,75.26
IWN,2011-04-26,74.88,76.03,74.86,75.64,2200000,74.89
IWN,2011-04-25,74.69,74.89,74.35,74.80,687100,74.06
IWN,2011-04-21,74.72,74.86,74.23,74.81,797800,74.06
IWN,2011-04-20,74.31,74.46,73.98,74.37,1283800,73.63
IWN,2011-04-19,73.49,73.68,72.80,73.14,1670800,72.41
IWN,2011-04-18,73.33,73.33,72.65,73.24,1359400,72.51
IWN,2011-04-15,73.61,74.33,73.38,74.32,904500,73.58
IWN,2011-04-14,72.72,73.65,72.59,73.59,1307900,72.86
IWN,2011-04-13,73.87,73.96,72.81,73.20,1746100,72.47
IWN,2011-04-12,73.95,74.32,73.41,73.46,1789100,72.73
IWN,2011-04-11,75.08,75.34,74.13,74.36,1738600,73.62
IWN,2011-04-08,76.19,76.35,74.83,75.13,1215700,74.38
IWN,2011-04-07,76.47,76.75,75.79,75.99,1455300,75.23
IWN,2011-04-06,76.56,76.72,76.13,76.50,1758500,75.74
IWN,2011-04-05,75.81,76.68,75.67,76.12,1069600,75.36
IWN,2011-04-04,75.87,76.10,75.77,75.95,849800,75.19
IWN,2011-04-01,75.99,76.16,75.51,75.73,1345500,74.98
IWN,2011-03-31,75.02,75.50,74.99,75.38,1124800,74.63
IWN,2011-03-30,74.54,75.22,74.40,75.11,1151300,74.36
IWN,2011-03-29,73.64,74.30,73.28,74.20,1511300,73.46
IWN,2011-03-28,74.04,74.31,73.60,73.66,792400,72.93
IWN,2011-03-25,73.72,74.69,73.37,73.92,1305500,73.18
IWN,2011-03-24,73.47,73.55,72.74,73.34,817500,72.61
IWN,2011-03-23,73.17,73.48,72.29,73.25,1132500,72.28
IWN,2011-03-22,73.55,73.82,73.09,73.30,983700,72.33
IWN,2011-03-21,72.89,73.60,72.77,73.60,1713000,72.62
IWN,2011-03-18,71.88,72.08,71.57,71.96,1599700,71.00
IWN,2011-03-17,71.67,71.75,70.94,70.94,2812100,70.00
IWN,2011-03-16,71.20,71.74,70.19,70.59,4226300,69.65
IWN,2011-03-15,70.50,71.93,69.79,71.44,2742300,70.49
IWN,2011-03-14,71.96,72.49,71.36,72.05,2011000,71.09
IWN,2011-03-11,71.78,72.97,71.76,72.55,1796500,71.59
IWN,2011-03-10,73.48,73.48,72.26,72.41,1834300,71.45
IWN,2011-03-09,74.46,74.78,74.06,74.32,2060500,73.33
IWN,2011-03-08,73.29,74.78,72.86,74.47,1351600,73.48
IWN,2011-03-07,74.56,74.71,72.70,73.28,1803100,72.31
IWN,2011-03-04,74.94,74.94,73.65,74.38,2525100,73.39
IWN,2011-03-03,74.07,75.08,74.04,74.89,1343000,73.90
IWN,2011-03-02,73.19,73.74,72.82,73.41,1643900,72.43
IWN,2011-03-01,74.98,74.98,73.03,73.20,1753200,72.23
IWN,2011-02-28,74.83,75.08,74.14,74.62,1333900,73.63
IWN,2011-02-25,73.12,74.42,73.03,74.40,1591000,73.41
IWN,2011-02-24,72.48,73.11,71.95,72.73,2251700,71.76
IWN,2011-02-23,73.60,73.76,72.04,72.45,2735600,71.49
IWN,2011-02-22,74.68,75.10,73.44,73.50,1932000,72.52
IWN,2011-02-18,75.33,75.59,75.04,75.33,1347100,74.33
IWN,2011-02-17,74.43,75.34,74.43,75.17,884900,74.17
IWN,2011-02-16,74.21,74.71,74.19,74.62,3083800,73.63
IWN,2011-02-15,74.11,74.43,73.90,74.06,2313700,73.08
IWN,2011-02-14,74.09,74.46,74.01,74.37,1107800,73.38
IWN,2011-02-11,72.96,74.09,72.96,74.07,1164300,73.09
IWN,2011-02-10,72.56,73.38,72.56,73.31,1523900,72.34
IWN,2011-02-09,73.20,73.52,72.77,73.15,1521800,72.18
IWN,2011-02-08,72.86,73.45,72.75,73.42,3304200,72.44
IWN,2011-02-07,72.41,73.42,72.26,73.01,2699500,72.04
IWN,2011-02-04,72.38,72.43,71.84,72.29,1766700,71.33
IWN,2011-02-03,72.23,72.54,71.40,72.45,1417200,71.49
IWN,2011-02-02,72.38,72.95,72.28,72.29,796900,71.33
IWN,2011-02-01,71.69,72.83,71.41,72.59,3656200,71.63
IWN,2011-01-31,70.91,71.57,70.55,71.00,1604700,70.06
IWN,2011-01-28,72.46,72.46,70.65,70.70,1938300,69.76
IWN,2011-01-27,72.30,72.76,71.98,72.49,2496400,71.53
IWN,2011-01-26,71.46,72.49,71.09,72.27,2561200,71.31
IWN,2011-01-25,70.62,71.28,70.36,71.28,3317400,70.33
IWN,2011-01-24,70.31,71.14,70.29,70.89,1795900,69.95
IWN,2011-01-21,71.21,71.21,70.25,70.35,1267000,69.42
IWN,2011-01-20,70.89,71.46,70.45,70.74,1494200,69.80
IWN,2011-01-19,72.89,73.10,71.05,71.22,1903400,70.27
IWN,2011-01-18,72.74,73.10,72.41,73.05,1048000,72.08
IWN,2011-01-14,72.15,73.14,72.13,72.94,1006700,71.97
IWN,2011-01-13,72.34,72.71,71.99,72.24,1242100,71.28
IWN,2011-01-12,72.30,72.53,72.03,72.44,1244200,71.48
IWN,2011-01-11,71.70,72.09,71.38,71.81,1585000,70.86
IWN,2011-01-10,70.87,71.79,70.40,71.42,2834300,70.47
IWN,2011-01-07,71.96,72.08,70.32,71.22,1776100,70.27
IWN,2011-01-06,72.08,72.09,71.34,71.63,4181500,70.68
IWN,2011-01-05,71.16,72.00,71.03,71.95,1397600,70.99
IWN,2011-01-04,72.48,72.71,70.59,71.26,2844900,70.31
IWN,2011-01-03,71.82,72.72,71.64,72.39,2083400,71.43
IWN,2010-12-31,71.40,71.69,71.00,71.09,1309000,70.15
IWN,2010-12-30,71.61,71.91,71.54,71.58,1213300,70.63
IWN,2010-12-29,71.69,71.74,71.54,71.65,857100,70.70
IWN,2010-12-28,71.74,71.83,71.22,71.53,1861700,70.58
IWN,2010-12-27,71.09,71.70,70.92,71.56,1234400,70.61
IWN,2010-12-23,71.57,71.67,71.20,71.33,619000,70.38
IWN,2010-12-22,71.40,71.75,71.28,71.41,660400,70.46
IWN,2010-12-21,71.12,71.74,71.01,71.66,1323000,70.24
IWN,2010-12-20,70.59,71.18,70.46,70.80,1926800,69.39
IWN,2010-12-17,70.49,70.57,69.96,70.37,1980800,68.97
IWN,2010-12-16,69.99,70.67,69.70,70.39,1856800,68.99
IWN,2010-12-15,70.13,70.79,69.73,69.83,2720200,68.44
IWN,2010-12-14,70.55,70.68,70.11,70.23,1092000,68.84
IWN,2010-12-13,70.86,70.94,70.22,70.26,1403500,68.87
IWN,2010-12-10,69.87,70.68,69.62,70.52,895300,69.12
IWN,2010-12-09,69.90,69.90,69.35,69.63,1622500,68.25
IWN,2010-12-08,69.51,69.75,69.25,69.41,1550600,68.03
IWN,2010-12-07,69.80,69.98,69.26,69.34,3121700,67.96
IWN,2010-12-06,68.60,69.20,68.42,69.05,2352500,67.68
IWN,2010-12-03,67.94,68.82,67.79,68.60,798000,67.24
IWN,2010-12-02,67.43,68.25,67.39,68.19,1379000,66.84
IWN,2010-12-01,67.15,67.58,67.15,67.46,2253300,66.12
IWN,2010-11-30,65.81,66.43,65.61,66.06,1431700,64.75
IWN,2010-11-29,66.19,66.81,65.54,66.65,1860900,65.33
IWN,2010-11-26,66.56,66.95,66.48,66.59,294100,65.27
IWN,2010-11-24,66.08,67.00,66.08,66.99,793800,65.66
IWN,2010-11-23,65.42,65.74,65.13,65.56,1434400,64.26
IWN,2010-11-22,65.90,66.42,65.34,66.22,899200,64.91
IWN,2010-11-19,65.88,66.28,65.35,66.18,542300,64.87
IWN,2010-11-18,65.56,66.32,65.56,65.99,1734200,64.68
IWN,2010-11-17,64.78,65.03,64.49,64.89,979800,63.60
IWN,2010-11-16,65.58,65.72,64.23,64.68,2111900,63.40
IWN,2010-11-15,66.44,66.84,66.04,66.04,1177200,64.73
IWN,2010-11-12,66.54,66.99,66.01,66.03,1245900,64.72
IWN,2010-11-11,66.76,67.43,66.58,67.22,2061000,65.89
IWN,2010-11-10,66.67,67.42,66.19,67.41,1240100,66.07
IWN,2010-11-09,67.75,67.87,66.31,66.63,862200,65.31
IWN,2010-11-08,67.47,67.76,67.05,67.61,1217200,66.27
IWN,2010-11-05,67.29,68.01,67.29,67.74,3248700,66.40
IWN,2010-11-04,66.50,67.36,66.50,67.30,1257600,65.96
IWN,2010-11-03,65.37,65.60,64.60,65.51,1842900,64.21
IWN,2010-11-02,64.64,65.33,64.40,65.31,1067500,64.01
IWN,2010-11-01,64.74,65.09,63.44,63.96,2494700,62.69
IWN,2010-10-29,64.03,64.69,63.91,64.38,1242100,63.10
IWN,2010-10-28,65.02,65.23,63.98,64.20,1096200,62.93
IWN,2010-10-27,64.49,64.80,63.84,64.54,1189000,63.26
IWN,2010-10-26,64.65,65.31,64.31,64.86,2511600,63.57
IWN,2010-10-25,65.03,65.68,64.82,64.93,1156900,63.64
IWN,2010-10-22,64.75,64.88,64.33,64.66,831000,63.38
IWN,2010-10-21,65.30,65.69,63.79,64.53,2461000,63.25
IWN,2010-10-20,64.40,65.25,64.28,64.87,1167600,63.58
IWN,2010-10-19,64.43,65.29,63.71,64.17,1844600,62.90
IWN,2010-10-18,64.67,65.50,64.58,65.50,1718900,64.20
IWN,2010-10-15,65.32,65.49,64.26,64.54,1104000,63.26
IWN,2010-10-14,64.88,65.25,64.27,64.92,1040600,63.63
IWN,2010-10-13,64.30,65.42,64.06,64.93,2397200,63.64
IWN,2010-10-12,63.53,64.11,62.94,63.90,1222300,62.63
IWN,2010-10-11,63.73,64.15,63.54,63.75,1685800,62.48
IWN,2010-10-08,63.05,64.08,62.73,63.73,1159400,62.46
IWN,2010-10-07,63.55,63.67,62.55,62.94,1245500,61.69
IWN,2010-10-06,63.16,63.45,62.87,63.22,1796700,61.96
IWN,2010-10-05,62.11,63.28,61.69,63.13,1560900,61.88
IWN,2010-10-04,62.20,62.49,61.08,61.51,1470700,60.29
IWN,2010-10-01,62.48,62.61,61.75,62.26,2634300,61.02
IWN,2010-09-30,62.40,62.89,61.50,61.99,6114900,60.76
IWN,2010-09-29,61.75,62.27,61.51,62.09,1378300,60.86
IWN,2010-09-28,61.45,62.03,60.38,61.91,1845300,60.68
IWN,2010-09-27,61.61,61.67,61.07,61.32,1391900,60.10
IWN,2010-09-24,60.49,61.60,60.32,61.48,955200,60.26
IWN,2010-09-23,59.95,60.82,59.42,59.60,1167400,58.42
IWN,2010-09-22,61.22,61.68,60.30,60.66,1363900,59.24
IWN,2010-09-21,61.86,62.27,61.38,61.50,1841200,60.06
IWN,2010-09-20,60.43,62.02,59.92,61.85,1250900,60.41
IWN,2010-09-17,60.43,60.48,59.40,60.18,1709700,58.77
IWN,2010-09-16,60.46,60.58,59.57,59.98,1997000,58.58
IWN,2010-09-15,60.13,60.75,59.63,60.53,978400,59.12
IWN,2010-09-14,60.45,60.84,60.12,60.27,1574900,58.86
IWN,2010-09-13,59.91,60.80,59.80,60.60,993900,59.18
IWN,2010-09-10,59.26,59.64,58.99,59.26,1110800,57.88
IWN,2010-09-09,59.83,59.97,58.63,59.10,1282100,57.72
IWN,2010-09-08,58.72,59.46,58.72,58.94,1013100,57.56
IWN,2010-09-07,59.70,59.70,58.49,58.61,1550200,57.24
IWN,2010-09-03,59.57,59.96,59.19,59.86,1718500,58.46
IWN,2010-09-02,58.25,58.94,58.05,58.79,936600,57.42
IWN,2010-09-01,57.06,58.32,56.86,58.26,1885300,56.90
IWN,2010-08-31,55.92,56.76,55.61,56.20,2117600,54.89
IWN,2010-08-30,57.16,57.34,56.10,56.12,927600,54.81
IWN,2010-08-27,56.58,57.45,55.44,57.36,1472000,56.02
IWN,2010-08-26,56.60,57.04,55.76,55.94,1361000,54.63
IWN,2010-08-25,55.00,56.53,54.87,56.37,1707300,55.05
IWN,2010-08-24,55.13,56.16,54.75,55.60,1925600,54.30
IWN,2010-08-23,57.30,57.61,56.07,56.10,1239600,54.79
IWN,2010-08-20,56.78,56.98,56.02,56.95,1321400,55.62
IWN,2010-08-19,58.38,58.59,56.84,57.00,1558200,55.67
IWN,2010-08-18,58.44,59.14,57.86,58.66,1208400,57.29
IWN,2010-08-17,58.15,58.98,57.82,58.54,1122900,57.17
IWN,2010-08-16,56.61,57.86,56.50,57.51,1259700,56.17
IWN,2010-08-13,57.45,57.68,57.00,57.09,1446300,55.76
IWN,2010-08-12,56.79,58.11,56.79,57.70,1558700,56.35
IWN,2010-08-11,59.27,59.27,57.92,58.08,1606200,56.72
IWN,2010-08-10,60.91,61.19,59.98,60.48,1964500,59.07
IWN,2010-08-09,61.29,61.79,60.91,61.58,743000,60.14
IWN,2010-08-06,60.31,61.14,59.71,60.91,1457100,59.49
IWN,2010-08-05,61.50,61.86,61.18,61.26,1045100,59.83
IWN,2010-08-04,61.60,62.09,61.42,61.93,1356900,60.48
IWN,2010-08-03,61.69,62.15,60.81,61.27,1230800,59.84
IWN,2010-08-02,61.77,62.12,61.25,61.78,1896600,60.34
IWN,2010-07-30,59.96,61.39,59.74,60.76,2360700,59.34
IWN,2010-07-29,61.38,61.73,59.80,60.76,2944200,59.34
IWN,2010-07-28,61.58,61.94,60.52,60.83,2353700,59.41
IWN,2010-07-27,62.23,62.65,61.61,61.74,2794700,60.30
IWN,2010-07-26,60.66,61.79,60.39,61.74,2307700,60.30
IWN,2010-07-23,58.86,60.56,58.61,60.50,3743600,59.09
IWN,2010-07-22,57.83,59.32,57.70,59.13,1573600,57.75
IWN,2010-07-21,58.54,58.70,56.86,57.00,1401100,55.67
IWN,2010-07-20,56.38,58.21,56.14,58.14,1148400,56.78
IWN,2010-07-19,57.04,57.24,56.00,57.07,1359000,55.74
IWN,2010-07-16,58.57,58.75,56.74,56.90,2770800,55.57
IWN,2010-07-15,59.64,59.71,58.29,59.02,1661600,57.64
IWN,2010-07-14,59.73,59.99,59.14,59.62,2569800,58.23
IWN,2010-07-13,58.93,60.16,58.65,59.92,3089900,58.52
IWN,2010-07-12,58.42,58.84,57.49,58.05,989100,56.69
IWN,2010-07-09,57.73,58.65,57.52,58.65,1203200,57.28
IWN,2010-07-08,57.47,57.79,56.88,57.73,2311900,56.38
IWN,2010-07-07,55.04,56.87,54.99,56.79,5068500,55.46
IWN,2010-07-06,56.67,57.15,54.60,54.92,3125500,53.64
IWN,2010-07-02,56.66,56.73,55.33,55.68,2650000,54.38
IWN,2010-07-01,57.04,57.41,55.29,56.63,3598200,55.02
IWN,2010-06-30,57.61,58.53,56.91,57.04,2336900,55.42
IWN,2010-06-29,58.95,59.13,57.37,57.79,2875400,56.15
IWN,2010-06-28,60.66,60.93,59.85,60.05,1359900,58.34
IWN,2010-06-25,59.64,60.82,59.18,60.66,1523800,58.93
IWN,2010-06-24,60.00,60.51,59.38,59.48,1847500,57.79
IWN,2010-06-23,60.53,61.21,59.83,60.50,2056300,58.78
IWN,2010-06-22,62.27,62.97,60.66,60.75,1911700,59.02
IWN,2010-06-21,63.58,63.84,61.72,62.09,3045700,60.32
IWN,2010-06-18,62.79,63.16,62.31,62.71,1296000,60.93
IWN,2010-06-17,62.95,63.01,61.89,62.64,1772800,60.86
IWN,2010-06-16,62.44,63.24,62.23,62.63,1583700,60.85
IWN,2010-06-15,61.84,63.10,61.54,62.89,2967900,61.10
IWN,2010-06-14,61.84,62.42,61.11,61.27,1648500,59.53
IWN,2010-06-11,59.27,60.95,59.09,60.90,1321500,59.17
IWN,2010-06-10,59.00,60.11,58.85,60.11,1339100,58.40
IWN,2010-06-09,58.61,59.46,57.67,57.98,2709700,56.33
IWN,2010-06-08,58.12,58.68,56.88,58.01,4200800,56.36
IWN,2010-06-07,59.62,60.04,57.95,58.00,3693500,56.35
IWN,2010-06-04,60.93,61.55,59.21,59.40,5739600,57.71
IWN,2010-06-03,62.35,62.95,61.83,62.74,1640700,60.95
IWN,2010-06-02,60.69,62.15,60.24,62.15,4415200,60.38
IWN,2010-06-01,61.75,62.65,60.36,60.36,2938800,58.64
IWN,2010-05-28,63.27,63.45,61.98,62.57,2788300,60.79
IWN,2010-05-27,62.12,63.42,61.62,63.32,3953200,61.52
IWN,2010-05-26,60.71,62.08,60.26,60.52,3142000,58.80
IWN,2010-05-25,58.96,60.47,58.02,60.42,3106700,58.70
IWN,2010-05-24,61.30,61.72,60.34,60.34,2353800,58.62
IWN,2010-05-21,59.25,61.97,58.94,61.51,6441200,59.76
IWN,2010-05-20,62.11,62.50,60.42,60.49,4383000,58.77
IWN,2010-05-19,64.48,65.24,62.96,63.95,4712100,62.13
IWN,2010-05-18,66.95,67.30,64.51,64.79,2820700,62.95
IWN,2010-05-17,66.49,67.13,64.28,66.10,4165200,64.22
IWN,2010-05-14,66.98,67.00,65.22,66.10,3616200,64.22
IWN,2010-05-13,68.10,68.58,67.16,67.45,1883500,65.53
IWN,2010-05-12,66.61,68.33,66.43,68.23,2300000,66.29
IWN,2010-05-11,64.76,67.19,64.66,66.19,2232100,64.31
IWN,2010-05-10,65.41,65.80,64.65,65.76,3983600,63.89
IWN,2010-05-07,63.22,64.29,61.40,62.11,5165500,60.34
IWN,2010-05-06,65.95,66.76,30.98,63.89,6823500,62.07
IWN,2010-05-05,66.80,67.52,65.98,66.50,4663800,64.61
IWN,2010-05-04,68.80,68.86,67.05,67.52,3262400,65.60
IWN,2010-05-03,68.71,69.86,68.64,69.81,2809900,67.82
IWN,2010-04-30,70.44,70.51,68.19,68.19,3203900,66.25
IWN,2010-04-29,69.42,70.45,69.00,70.41,3059000,68.41
IWN,2010-04-28,69.08,69.35,68.53,68.83,2493500,66.87
IWN,2010-04-27,70.21,70.82,68.51,68.63,3755700,66.68
IWN,2010-04-26,70.82,71.27,70.45,70.46,3409700,68.45
IWN,2010-04-23,69.93,70.84,69.58,70.78,4190500,68.77
IWN,2010-04-22,68.16,69.92,67.90,69.83,2209800,67.84
IWN,2010-04-21,68.37,69.04,68.19,68.91,2542500,66.95
IWN,2010-04-20,67.75,68.37,67.44,68.37,2215200,66.42
IWN,2010-04-19,67.24,67.92,66.34,67.47,2310000,65.55
IWN,2010-04-16,68.46,68.61,67.11,67.64,3378500,65.71
IWN,2010-04-15,68.40,68.84,68.34,68.70,1363900,66.74
IWN,2010-04-14,67.46,68.50,67.32,68.47,1625800,66.52
IWN,2010-04-13,66.66,67.09,66.26,67.08,1514900,65.17
IWN,2010-04-12,66.70,67.04,66.49,66.83,1372100,64.93
IWN,2010-04-09,66.35,66.67,65.92,66.60,1427900,64.70
IWN,2010-04-08,66.01,66.52,65.54,66.24,1251100,64.35
IWN,2010-04-07,66.30,66.66,65.80,66.26,2437200,64.37
IWN,2010-04-06,65.57,66.46,65.44,66.31,1550200,64.42
IWN,2010-04-05,64.71,65.81,64.46,65.81,1225800,63.94
IWN,2010-04-01,64.27,64.61,63.78,64.47,1458500,62.63
IWN,2010-03-31,64.11,64.78,63.79,63.84,1424000,62.02
IWN,2010-03-30,64.25,64.68,63.89,64.32,1482700,62.49
IWN,2010-03-29,64.10,64.36,63.83,64.17,1833600,62.34
IWN,2010-03-26,64.01,64.53,63.58,63.85,1638600,62.03
IWN,2010-03-25,64.75,65.23,63.73,63.77,1938700,61.95
IWN,2010-03-24,64.51,64.78,64.23,64.27,1816000,62.44
IWN,2010-03-23,64.35,65.07,63.97,65.04,1224400,63.03
IWN,2010-03-22,62.93,64.38,62.81,64.27,1266800,62.28
IWN,2010-03-19,64.38,64.49,63.21,63.44,1251000,61.48
IWN,2010-03-18,64.45,64.79,64.13,64.28,1226000,62.29
IWN,2010-03-17,64.14,64.84,64.14,64.48,2071900,62.48
IWN,2010-03-16,63.65,64.01,63.28,63.97,1728000,61.99
IWN,2010-03-15,63.55,63.64,62.88,63.31,1170900,61.35
IWN,2010-03-12,63.95,63.95,63.23,63.56,1639000,61.59
IWN,2010-03-11,63.10,63.74,62.84,63.61,1857900,61.64
IWN,2010-03-10,63.03,63.83,62.99,63.51,1751500,61.54
IWN,2010-03-09,62.52,63.39,62.49,62.98,1202400,61.03
IWN,2010-03-08,62.63,62.90,62.50,62.70,1904800,60.76
IWN,2010-03-05,61.66,62.65,61.46,62.57,2035000,60.63
IWN,2010-03-04,61.17,61.34,60.90,61.31,3146600,59.41
IWN,2010-03-03,61.04,61.43,60.83,61.03,2920500,59.14
IWN,2010-03-02,60.58,61.08,60.46,60.83,2621400,58.95
IWN,2010-03-01,59.49,60.34,59.43,60.29,1767600,58.42
IWN,2010-02-26,59.41,59.45,58.74,58.99,2021600,57.16
IWN,2010-02-25,58.50,59.40,58.22,59.35,1953400,57.51
IWN,2010-02-24,58.94,59.55,58.79,59.31,1184300,57.47
IWN,2010-02-23,59.40,59.57,58.58,58.76,4056100,56.94
IWN,2010-02-22,59.55,59.67,59.25,59.53,1957800,57.69
IWN,2010-02-19,58.78,59.52,58.73,59.26,1676700,57.43
IWN,2010-02-18,58.44,59.04,58.30,59.03,1322900,57.20
IWN,2010-02-17,58.41,58.56,58.02,58.43,985800,56.62
IWN,2010-02-16,57.56,58.11,57.06,58.03,956400,56.23
IWN,2010-02-12,56.07,56.96,55.85,56.96,1455500,55.20
IWN,2010-02-11,55.57,56.60,55.12,56.53,1164100,54.78
IWN,2010-02-10,55.50,55.91,54.87,55.73,1801000,54.00
IWN,2010-02-09,55.51,55.98,54.92,55.64,2005900,53.92
IWN,2010-02-08,55.27,55.81,54.80,54.89,1468800,53.19
IWN,2010-02-05,55.32,55.56,54.28,55.51,2143200,53.79
IWN,2010-02-04,56.75,56.76,55.21,55.27,1970800,53.56
IWN,2010-02-03,57.38,57.70,56.70,57.18,1466000,55.41
IWN,2010-02-02,57.14,57.75,56.85,57.67,2152500,55.88
IWN,2010-02-01,56.64,57.15,56.49,57.06,2013800,55.29
IWN,2010-01-29,57.17,57.92,56.29,56.43,2888800,54.68
IWN,2010-01-28,58.07,58.10,56.43,56.94,2206600,55.18
IWN,2010-01-27,57.05,58.00,56.75,57.88,2352100,56.09
IWN,2010-01-26,57.61,58.18,57.21,57.33,2382300,55.56
IWN,2010-01-25,58.11,58.17,57.45,57.88,2329800,56.09
IWN,2010-01-22,58.79,59.03,57.51,57.74,2204600,55.95
IWN,2010-01-21,59.91,60.34,58.68,58.87,2094900,57.05
IWN,2010-01-20,60.25,60.25,59.14,59.83,2335200,57.98
IWN,2010-01-19,59.67,60.72,59.67,60.70,1662100,58.82
IWN,2010-01-15,60.33,60.47,59.09,59.56,1609700,57.72
IWN,2010-01-14,59.85,60.53,59.76,60.34,783500,58.47
IWN,2010-01-13,59.44,60.18,59.03,60.09,1211400,58.23
IWN,2010-01-12,59.60,59.82,59.00,59.20,2145800,57.37
IWN,2010-01-11,60.43,60.59,59.78,59.92,802400,58.07
IWN,2010-01-08,59.66,60.26,59.57,60.26,1046100,58.39
IWN,2010-01-07,59.21,59.95,58.78,59.93,2244100,58.07
IWN,2010-01-06,59.27,59.63,59.09,59.23,1622700,57.40
IWN,2010-01-05,59.50,59.73,59.05,59.35,1119200,57.51
IWN,2010-01-04,58.95,59.66,58.95,59.57,1764400,57.73
IWN,2009-12-31,58.99,59.29,58.04,58.04,1438300,56.24
IWN,2009-12-30,58.78,59.18,58.43,58.97,858100,57.14
IWN,2009-12-29,59.12,59.29,58.95,58.96,957000,57.13
IWN,2009-12-28,59.23,59.29,58.74,59.03,1137600,57.20
IWN,2009-12-24,58.92,59.13,58.90,59.12,347900,57.29
IWN,2009-12-23,58.42,58.88,58.11,58.82,1719900,57.00
IWN,2009-12-22,58.06,58.59,57.95,58.52,1048500,56.34
IWN,2009-12-21,57.65,58.26,57.65,57.96,1145800,55.80
IWN,2009-12-18,57.29,57.38,56.54,57.20,1420200,55.07
IWN,2009-12-17,56.95,57.23,56.34,56.75,1253500,54.64
IWN,2009-12-16,57.33,57.65,56.98,57.29,873500,55.16
IWN,2009-12-15,57.04,57.55,56.85,56.93,752800,54.81
IWN,2009-12-14,56.81,57.25,56.16,57.16,1068100,55.03
IWN,2009-12-11,56.11,56.39,55.69,56.35,1170200,54.25
IWN,2009-12-10,56.27,56.50,55.46,55.77,1804600,53.70
IWN,2009-12-09,56.12,56.23,55.54,56.01,1916600,53.93
IWN,2009-12-08,56.16,56.64,55.56,56.10,3378200,54.01
IWN,2009-12-07,56.42,56.85,56.20,56.57,2083200,54.47
IWN,2009-12-04,56.15,56.89,55.36,56.44,3414200,54.34
IWN,2009-12-03,56.12,56.47,54.96,54.98,2004800,52.93
IWN,2009-12-02,55.33,56.29,55.22,55.79,1616100,53.71
IWN,2009-12-01,54.97,55.46,54.71,55.29,1798800,53.23
IWN,2009-11-30,53.87,54.50,53.10,54.26,2850200,52.24
IWN,2009-11-27,53.50,54.80,53.35,54.05,1407200,52.04
IWN,2009-11-25,55.85,55.98,55.42,55.54,1419700,53.47
IWN,2009-11-24,55.77,55.88,54.88,55.57,1325900,53.50
IWN,2009-11-23,55.70,56.66,55.52,55.85,1193900,53.77
IWN,2009-11-20,54.50,55.03,54.40,54.82,1135100,52.78
IWN,2009-11-19,55.72,55.87,54.42,54.84,1366300,52.80
IWN,2009-11-18,56.25,56.39,55.73,56.31,1315200,54.22
IWN,2009-11-17,56.00,56.46,55.72,56.23,1096900,54.14
IWN,2009-11-16,55.16,56.61,55.09,56.15,1829700,54.06
IWN,2009-11-13,54.25,54.94,53.69,54.70,1658100,52.67
IWN,2009-11-12,55.21,55.72,53.95,54.13,1566400,52.12
IWN,2009-11-11,55.20,55.84,54.81,55.28,2080100,53.22
IWN,2009-11-10,54.99,55.46,54.37,54.79,2843100,52.75
IWN,2009-11-09,54.50,55.29,54.49,55.22,2124800,53.17
IWN,2009-11-06,53.55,54.52,53.35,54.07,1509400,52.06
IWN,2009-11-05,53.06,54.19,52.86,54.05,1609200,52.04
IWN,2009-11-04,53.68,53.93,52.48,52.48,2818800,50.53
IWN,2009-11-03,52.13,53.28,52.00,53.22,3324100,51.24
IWN,2009-11-02,52.95,53.52,51.64,52.59,2818000,50.63
IWN,2009-10-30,54.22,54.22,52.43,52.87,3497900,50.90
IWN,2009-10-29,53.75,54.72,53.68,54.49,2871600,52.46
IWN,2009-10-28,54.83,55.14,53.07,53.34,2443000,51.36
IWN,2009-10-27,55.66,56.07,55.00,55.14,1853900,53.09
IWN,2009-10-26,56.35,57.23,55.31,55.70,2657300,53.63
IWN,2009-10-23,57.73,57.85,56.14,56.30,3010000,54.21
IWN,2009-10-22,56.67,57.74,55.95,57.56,2209300,55.42
IWN,2009-10-21,57.29,58.47,56.55,56.71,2383900,54.60
IWN,2009-10-20,58.27,58.38,57.11,57.49,1411000,55.35
IWN,2009-10-19,57.85,58.55,57.46,58.19,963300,56.03
IWN,2009-10-16,58.10,58.15,57.26,57.69,1176600,55.54
IWN,2009-10-15,58.17,58.57,57.93,58.46,1168400,56.29
IWN,2009-10-14,58.16,58.62,57.76,58.47,1962700,56.29
IWN,2009-10-13,57.50,57.65,56.79,57.38,2313600,55.25
IWN,2009-10-12,57.98,58.21,57.40,57.70,572500,55.55
IWN,2009-10-09,57.03,57.72,56.98,57.71,1306500,55.56
IWN,2009-10-08,56.86,57.53,56.60,57.02,1206800,54.90
IWN,2009-10-07,56.18,56.61,56.07,56.39,768900,54.29
IWN,2009-10-06,55.82,56.74,55.61,56.26,2231500,54.17
IWN,2009-10-05,54.58,55.47,54.40,55.34,1634100,53.28
IWN,2009-10-02,54.03,54.80,53.67,54.24,1317100,52.22
IWN,2009-10-01,56.24,57.49,54.56,54.60,2412900,52.57
IWN,2009-09-30,57.45,57.48,55.87,56.43,1659700,54.33
IWN,2009-09-29,57.73,58.06,57.22,57.38,794000,55.25
IWN,2009-09-28,56.43,57.82,56.37,57.57,818100,55.43
IWN,2009-09-25,56.24,56.64,55.83,56.10,1286200,54.01
IWN,2009-09-24,57.75,58.04,55.99,56.47,1176300,54.37
IWN,2009-09-23,58.44,58.90,57.56,57.63,1071600,55.49
IWN,2009-09-22,58.15,58.56,57.86,58.42,1659100,56.25
IWN,2009-09-21,57.89,58.20,57.53,58.01,1247800,55.66
IWN,2009-09-18,58.52,58.70,57.75,58.39,554100,56.03
IWN,2009-09-17,58.33,59.05,57.81,58.21,671000,55.86
IWN,2009-09-16,57.35,58.49,57.23,58.37,728000,56.01
IWN,2009-09-15,56.41,57.20,56.17,57.10,954000,54.79
IWN,2009-09-14,55.29,59.30,55.24,56.47,1238300,54.19
IWN,2009-09-11,55.82,56.35,55.50,55.87,710000,53.61
IWN,2009-09-10,54.99,55.86,54.46,55.68,978800,53.43
IWN,2009-09-09,54.07,55.35,53.85,54.91,1057900,52.69
IWN,2009-09-08,53.98,54.17,53.46,54.17,877400,51.98
IWN,2009-09-04,52.74,53.49,52.31,53.38,838000,51.22
IWN,2009-09-03,52.40,52.82,51.77,52.76,1374700,50.63
IWN,2009-09-02,52.26,52.61,52.03,52.12,1078900,50.01
IWN,2009-09-01,53.59,54.83,52.37,52.60,1611000,50.47
IWN,2009-08-31,54.33,54.50,53.78,54.09,1751500,51.90
IWN,2009-08-28,55.81,56.00,54.58,55.02,910100,52.79
IWN,2009-08-27,55.23,55.46,54.10,55.24,681400,53.01
IWN,2009-08-26,55.02,55.48,54.74,55.32,938900,53.08
IWN,2009-08-25,55.09,55.78,55.00,55.23,1759300,53.00
IWN,2009-08-24,55.27,55.59,54.65,54.91,1253300,52.69
IWN,2009-08-21,54.18,55.18,54.11,54.99,2203400,52.77
IWN,2009-08-20,52.83,53.68,52.55,53.52,1132500,51.35
IWN,2009-08-19,51.83,53.00,51.72,52.89,910200,50.75
IWN,2009-08-18,51.86,52.72,51.73,52.36,1414600,50.24
IWN,2009-08-17,52.18,52.29,51.48,51.60,2078500,49.51
IWN,2009-08-14,54.31,54.36,52.63,53.20,2006100,51.05
IWN,2009-08-13,54.45,54.57,53.58,54.35,1576700,52.15
IWN,2009-08-12,53.14,54.63,53.07,54.02,2114900,51.83
IWN,2009-08-11,53.93,53.93,52.79,53.12,1942300,50.97
IWN,2009-08-10,53.82,54.48,53.55,54.21,1587600,52.02
IWN,2009-08-07,53.12,54.74,52.89,53.98,1414300,51.80
IWN,2009-08-06,53.39,53.53,52.20,52.46,1289800,50.34
IWN,2009-08-05,53.39,53.47,52.39,53.04,2516700,50.89
IWN,2009-08-04,52.41,53.59,52.26,53.27,1750500,51.12
IWN,2009-08-03,52.22,52.70,51.76,52.66,1474200,50.53
IWN,2009-07-31,51.46,52.22,51.40,51.48,1920900,49.40
IWN,2009-07-30,51.28,52.09,51.05,51.69,2425400,49.60
IWN,2009-07-29,50.58,50.82,50.29,50.68,1508500,48.63
IWN,2009-07-28,50.63,51.06,50.19,50.91,1935300,48.85
IWN,2009-07-27,50.35,50.89,50.20,50.86,1959700,48.80
IWN,2009-07-24,49.80,50.53,49.68,50.52,2631800,48.48
IWN,2009-07-23,48.46,50.40,48.36,50.13,2640400,48.10
IWN,2009-07-22,47.91,48.81,47.78,48.44,1805600,46.48
IWN,2009-07-21,48.82,48.82,47.50,48.18,3790900,46.23
IWN,2009-07-20,47.95,48.48,47.84,48.35,2254700,46.39
IWN,2009-07-17,48.07,48.13,47.57,47.66,1681000,45.73
IWN,2009-07-16,47.26,48.29,47.06,48.03,2012400,46.09
IWN,2009-07-15,46.26,47.52,46.17,47.34,2618900,45.42
IWN,2009-07-14,45.30,45.64,44.94,45.45,2645600,43.61
IWN,2009-07-13,44.16,45.26,43.48,45.18,2465100,43.35
IWN,2009-07-10,43.63,44.11,43.26,43.94,3033700,42.16
IWN,2009-07-09,44.16,44.38,43.80,43.88,2171200,42.10
IWN,2009-07-08,44.44,44.70,43.26,44.02,2985900,42.24
IWN,2009-07-07,45.14,45.30,44.21,44.26,2929700,42.47
IWN,2009-07-06,45.22,45.43,44.49,45.26,1940200,43.43
IWN,2009-07-02,46.51,46.56,45.36,45.64,3206700,43.79
IWN,2009-07-01,46.97,47.84,46.90,47.46,2395500,45.29
IWN,2009-06-30,46.92,47.11,46.37,46.53,2022700,44.40
IWN,2009-06-29,46.95,47.13,46.04,46.84,2513900,44.70
IWN,2009-06-26,46.48,47.22,46.28,46.68,2504600,44.55
IWN,2009-06-25,45.09,46.74,44.90,46.74,2485800,44.60
IWN,2009-06-24,45.55,46.12,45.24,45.40,3446500,43.32
IWN,2009-06-23,45.66,45.94,45.04,45.11,2050000,43.05
IWN,2009-06-22,46.85,46.86,45.38,45.62,1782200,43.53
IWN,2009-06-19,47.50,47.60,46.83,47.11,1808900,44.96
IWN,2009-06-18,46.56,47.16,46.19,47.01,1332400,44.86
IWN,2009-06-17,46.39,47.21,45.94,46.78,1493000,44.64
IWN,2009-06-16,47.54,47.77,46.27,46.49,2074800,44.36
IWN,2009-06-15,47.93,48.00,46.72,47.32,1953300,45.16
IWN,2009-06-12,48.10,48.62,47.74,48.49,1319400,46.27
IWN,2009-06-11,48.55,49.20,48.36,48.41,1998800,46.20
IWN,2009-06-10,49.39,49.39,47.62,48.48,1401900,46.26
IWN,2009-06-09,49.06,49.28,48.66,48.82,1322200,46.59
IWN,2009-06-08,49.10,49.49,48.38,48.72,1354200,46.49
IWN,2009-06-05,49.83,50.00,48.86,49.20,1936600,46.95
IWN,2009-06-04,48.91,49.50,48.34,49.33,2442700,47.07
IWN,2009-06-03,48.66,48.78,48.04,48.62,2398400,46.40
IWN,2009-06-02,48.40,49.29,48.09,48.93,1860500,46.69
IWN,2009-06-01,47.75,48.78,47.46,48.50,1950400,46.28
IWN,2009-05-29,46.07,46.68,45.65,46.60,2557800,44.47
IWN,2009-05-28,46.21,46.36,44.75,45.73,1451200,43.64
IWN,2009-05-27,46.76,47.12,45.56,45.56,2734900,43.48
IWN,2009-05-26,44.22,47.09,44.21,47.09,2547800,44.94
IWN,2009-05-22,45.54,45.60,44.74,44.93,1994000,42.88
IWN,2009-05-21,45.21,45.60,44.47,45.18,2716700,43.11
IWN,2009-05-20,46.85,47.62,45.70,45.88,2016700,43.78
IWN,2009-05-19,46.65,47.00,46.00,46.51,1487800,44.38
IWN,2009-05-18,45.49,46.83,45.30,46.71,1391100,44.57
IWN,2009-05-15,45.06,45.58,44.39,44.97,1246500,42.91
IWN,2009-05-14,44.49,46.01,44.28,45.16,1292000,43.09
IWN,2009-05-13,45.85,46.07,44.40,44.43,3049300,42.40
IWN,2009-05-12,48.02,48.03,45.94,46.67,1626600,44.54
IWN,2009-05-11,47.63,47.99,47.25,47.90,1387500,45.71
IWN,2009-05-08,47.30,48.64,46.98,48.53,1583200,46.31
IWN,2009-05-07,48.29,48.48,46.09,46.60,1754400,44.47
IWN,2009-05-06,47.68,48.03,46.57,47.66,2052200,45.48
IWN,2009-05-05,47.43,47.57,46.58,47.10,1654800,44.95
IWN,2009-05-04,46.06,47.68,45.88,47.65,1475100,45.47
IWN,2009-05-01,45.65,46.13,45.30,45.57,1762700,43.49
IWN,2009-04-30,46.89,47.14,45.52,45.52,3121200,43.44
IWN,2009-04-29,44.82,46.51,44.63,45.94,1755200,43.84
IWN,2009-04-28,43.51,45.16,43.44,44.26,2496700,42.24
IWN,2009-04-27,44.16,44.84,43.65,44.06,2022600,42.05
IWN,2009-04-24,44.41,45.54,43.94,44.77,1931800,42.72
IWN,2009-04-23,44.16,44.35,43.08,43.97,1913300,41.96
IWN,2009-04-22,43.60,45.35,43.33,44.07,2176500,42.05
IWN,2009-04-21,42.09,44.41,42.04,44.29,1926600,42.26
IWN,2009-04-20,44.39,44.39,42.27,42.27,1797800,40.34
IWN,2009-04-17,44.92,45.67,44.24,45.10,1651200,43.04
IWN,2009-04-16,44.09,45.16,43.15,44.68,1852400,42.64
IWN,2009-04-15,42.14,43.71,42.11,43.55,2287200,41.56
IWN,2009-04-14,43.54,43.92,42.42,42.42,2868800,40.48
IWN,2009-04-13,43.69,44.62,43.15,44.23,3440700,42.21
IWN,2009-04-09,42.70,44.21,42.47,44.21,3450400,42.19
IWN,2009-04-08,40.98,41.56,40.62,41.45,1669100,39.55
IWN,2009-04-07,41.50,41.94,40.55,40.72,2589500,38.86
IWN,2009-04-06,42.40,42.58,41.48,42.23,1778300,40.30
IWN,2009-04-03,42.16,43.00,41.75,42.93,2183400,40.97
IWN,2009-04-02,41.39,42.78,41.12,42.33,2817700,40.39
IWN,2009-04-01,38.71,40.34,38.40,40.00,2276100,38.17
IWN,2009-03-31,39.10,40.47,38.76,39.46,2280300,37.66
IWN,2009-03-30,38.81,39.03,38.00,38.77,2195300,37.00
IWN,2009-03-27,41.02,41.24,40.02,40.03,2055600,38.20
IWN,2009-03-26,40.51,41.83,40.06,41.67,3120800,39.76
IWN,2009-03-25,39.30,40.64,38.06,39.90,2498600,38.08
IWN,2009-03-24,40.40,40.58,38.86,38.99,1586600,37.21
IWN,2009-03-23,38.82,40.94,38.48,40.85,1881400,38.77
IWN,2009-03-20,39.32,39.32,37.52,37.53,2047400,35.62
IWN,2009-03-19,40.06,40.14,38.68,38.92,2295700,36.94
IWN,2009-03-18,37.73,39.70,37.28,39.33,2744900,37.33
IWN,2009-03-17,36.07,37.94,35.88,37.92,2090000,35.99
IWN,2009-03-16,37.24,37.67,35.97,35.99,3027900,34.16
IWN,2009-03-13,36.51,36.96,36.10,36.76,2091500,34.89
IWN,2009-03-12,33.90,36.52,33.37,36.18,2092400,34.34
IWN,2009-03-11,34.47,34.98,33.68,33.95,1955400,32.22
IWN,2009-03-10,32.43,34.17,32.31,34.01,2096100,32.28
IWN,2009-03-09,31.97,32.84,31.55,31.69,3170000,30.08
IWN,2009-03-06,32.61,33.17,31.61,32.44,3020400,30.79
IWN,2009-03-05,33.84,34.09,32.25,32.31,2394500,30.67
IWN,2009-03-04,34.23,35.04,33.68,34.41,1874900,32.66
IWN,2009-03-03,35.10,35.25,33.62,33.95,3477100,32.22
IWN,2009-03-02,35.80,35.99,34.63,34.67,3318100,32.91
IWN,2009-02-27,36.33,37.41,36.23,36.50,2568300,34.64
IWN,2009-02-26,37.83,38.17,36.71,36.81,1994900,34.94
IWN,2009-02-25,38.23,38.33,36.66,37.51,2044700,35.60
IWN,2009-02-24,37.11,38.57,36.77,38.27,2195500,36.32
IWN,2009-02-23,38.51,38.69,36.59,36.76,2473000,34.89
IWN,2009-02-20,38.09,38.72,37.26,38.29,2132800,36.34
IWN,2009-02-19,39.96,40.19,38.76,38.81,2113800,36.83
IWN,2009-02-18,40.46,40.59,39.37,39.57,3174200,37.56
IWN,2009-02-17,40.23,40.83,40.10,40.20,3491900,38.15
IWN,2009-02-13,42.42,43.00,41.73,41.73,1942500,39.61
IWN,2009-02-12,41.68,42.64,40.84,42.52,1969900,40.36
IWN,2009-02-11,42.36,42.79,41.75,42.40,1808500,40.24
IWN,2009-02-10,44.23,44.75,42.03,42.28,2229000,40.13
IWN,2009-02-09,44.54,44.88,43.98,44.52,1583600,42.25
IWN,2009-02-06,43.01,44.90,42.88,44.67,1442100,42.40
IWN,2009-02-05,42.16,43.72,41.93,42.99,2892400,40.80
IWN,2009-02-04,43.02,43.88,42.30,42.48,1676800,40.32
IWN,2009-02-03,43.33,43.44,42.44,42.98,2089400,40.79
IWN,2009-02-02,41.67,43.30,41.64,43.04,2387300,40.85
IWN,2009-01-30,43.86,44.21,42.18,42.39,1996500,40.23
IWN,2009-01-29,45.07,45.12,43.48,43.49,2101000,41.28
IWN,2009-01-28,44.51,45.88,44.50,45.63,2465800,43.31
IWN,2009-01-27,43.54,44.19,43.13,43.84,1564900,41.61
IWN,2009-01-26,42.82,44.34,42.63,43.39,2074100,41.18
IWN,2009-01-23,41.41,43.40,41.24,42.94,3429500,40.75
IWN,2009-01-22,43.09,43.79,41.78,42.48,3061800,40.32
IWN,2009-01-21,42.55,44.24,41.47,43.98,3049900,41.74
IWN,2009-01-20,44.65,44.98,41.81,41.86,2860500,39.73
IWN,2009-01-16,45.78,45.91,43.74,45.25,3490400,42.95
IWN,2009-01-15,44.27,45.45,42.74,44.76,2753400,42.48
IWN,2009-01-14,45.46,45.65,44.12,44.21,2829800,41.96
IWN,2009-01-13,45.66,46.61,45.40,46.43,3170800,44.07
IWN,2009-01-12,46.96,47.07,45.56,45.73,2843400,43.40
IWN,2009-01-09,49.27,49.27,46.88,47.02,2687000,44.63
IWN,2009-01-08,48.55,49.32,48.31,49.16,2117000,46.66
IWN,2009-01-07,49.33,49.68,48.18,48.77,2047300,46.29
IWN,2009-01-06,49.66,50.87,49.44,50.25,2739600,47.69
IWN,2009-01-05,49.60,49.78,48.52,49.42,3416700,46.90
IWN,2009-01-02,49.32,50.02,48.71,49.30,2771300,46.79
IWN,2008-12-31,47.79,49.77,47.65,49.17,3712000,46.67
IWN,2008-12-30,46.44,47.75,46.26,47.66,2995600,45.23
IWN,2008-12-29,46.84,47.00,45.39,45.95,2802800,43.61
IWN,2008-12-26,46.72,47.04,46.13,47.04,1286800,44.65
IWN,2008-12-24,46.15,46.60,45.56,46.35,1322400,43.99
IWN,2008-12-23,47.17,47.42,45.79,46.04,3168600,43.70
IWN,2008-12-22,48.37,48.39,45.66,47.29,4099500,44.45
IWN,2008-12-19,48.33,49.41,47.63,48.13,3311400,45.24
IWN,2008-12-18,48.12,48.99,46.68,47.58,2170600,44.73
IWN,2008-12-17,47.49,48.91,47.02,48.23,3324400,45.34
IWN,2008-12-16,45.57,47.96,45.39,47.83,4384800,44.96
IWN,2008-12-15,46.51,46.61,43.85,44.73,2913500,42.05
IWN,2008-12-12,43.30,46.22,43.16,46.11,4257800,43.35
IWN,2008-12-11,46.52,47.10,43.93,44.49,3423400,41.82
IWN,2008-12-10,46.54,47.67,46.02,47.07,4149600,44.25
IWN,2008-12-09,47.38,48.76,45.55,45.83,6457500,43.08
IWN,2008-12-08,47.07,48.07,46.56,47.70,4785000,44.84
IWN,2008-12-05,43.09,46.08,42.10,45.94,4554900,43.19
IWN,2008-12-04,44.42,46.03,42.97,43.97,4452500,41.33
IWN,2008-12-03,42.71,45.36,42.46,45.22,3722800,42.51
IWN,2008-12-02,41.84,43.71,41.15,43.52,3148900,40.91
IWN,2008-12-01,45.63,45.86,40.67,41.19,2970800,38.72
IWN,2008-11-28,46.15,47.16,45.66,47.15,1168600,44.32
IWN,2008-11-26,42.93,46.49,42.93,46.14,3258600,43.37
IWN,2008-11-25,43.83,44.06,42.13,43.98,3956700,41.34
IWN,2008-11-24,40.73,43.56,40.10,43.07,2670100,40.49
IWN,2008-11-21,38.76,40.28,36.43,40.28,4420300,37.86
IWN,2008-11-20,40.34,41.47,37.81,38.03,6399200,35.75
IWN,2008-11-19,44.32,44.63,40.65,40.83,3002600,38.38
IWN,2008-11-18,44.62,45.28,42.32,44.50,5375400,41.83
IWN,2008-11-17,44.63,45.78,44.08,44.61,3198000,41.93
IWN,2008-11-14,47.43,48.10,44.70,44.89,1884400,42.20
IWN,2008-11-13,44.67,48.94,42.49,48.94,3718300,46.01
IWN,2008-11-12,46.70,46.88,44.46,44.70,2368500,42.02
IWN,2008-11-11,47.73,48.92,47.06,47.49,1676400,44.64
IWN,2008-11-10,50.90,50.90,47.82,48.39,1888500,45.49
IWN,2008-11-07,49.23,50.09,48.48,49.82,2328200,46.83
IWN,2008-11-06,49.83,50.65,48.72,48.84,2176500,45.91
IWN,2008-11-05,53.23,53.80,50.20,50.40,2594100,47.38
IWN,2008-11-04,54.29,54.33,52.56,53.80,2593700,50.57
IWN,2008-11-03,52.94,53.90,52.67,53.16,2398800,49.97
IWN,2008-10-31,50.68,53.32,49.78,53.14,2546600,49.95
IWN,2008-10-30,49.87,50.84,48.78,50.84,2773200,47.79
IWN,2008-10-29,47.99,50.00,47.26,48.24,2748900,45.35
IWN,2008-10-28,45.06,47.90,43.49,47.75,2125500,44.89
IWN,2008-10-27,45.58,47.00,44.03,44.46,2732500,41.79
IWN,2008-10-24,44.60,47.45,44.00,46.06,3101400,43.30
IWN,2008-10-23,49.35,49.78,45.72,47.90,4068500,45.03
IWN,2008-10-22,50.79,51.40,48.32,49.37,2902900,46.41
IWN,2008-10-21,52.37,53.30,51.50,51.83,2462900,48.72
IWN,2008-10-20,52.33,53.40,51.33,53.39,2811500,50.19
IWN,2008-10-17,50.70,54.44,50.51,51.32,4801300,48.24
IWN,2008-10-16,50.46,52.95,47.60,52.57,4603000,49.42
IWN,2008-10-15,53.45,54.29,49.37,49.50,2623000,46.53
IWN,2008-10-14,57.90,57.94,52.62,54.75,2927200,51.47
IWN,2008-10-13,54.20,55.93,52.55,55.86,2447700,52.51
IWN,2008-10-10,46.20,52.30,45.37,51.87,4000200,48.76
IWN,2008-10-09,54.68,54.75,48.51,49.00,3124900,46.06
IWN,2008-10-08,53.14,56.25,52.75,53.93,4405000,50.70
IWN,2008-10-07,59.76,60.25,55.01,55.16,3581900,51.85
IWN,2008-10-06,59.56,60.23,56.22,59.65,4539600,56.07
IWN,2008-10-03,63.57,64.83,61.00,61.08,3564400,57.42
IWN,2008-10-02,65.47,65.60,62.53,62.53,2873500,58.78
IWN,2008-10-01,65.93,65.98,64.79,65.68,2845900,61.74
IWN,2008-09-30,64.38,67.24,63.77,67.24,2800400,63.21
IWN,2008-09-29,67.55,67.55,63.38,63.38,2133700,59.58
IWN,2008-09-26,66.79,68.64,66.79,68.62,1838700,64.51
IWN,2008-09-25,67.99,69.16,67.50,68.22,1739300,64.13
IWN,2008-09-24,68.79,69.21,67.43,68.36,1073600,64.26
IWN,2008-09-23,70.16,70.68,68.90,69.04,2858700,64.65
IWN,2008-09-22,74.03,74.80,70.05,70.40,2731700,65.93
IWN,2008-09-19,74.41,74.41,72.24,74.41,2507800,69.68
IWN,2008-09-18,67.18,71.00,65.26,70.34,5761200,65.87
IWN,2008-09-17,68.08,68.63,65.40,65.43,4929800,61.27
IWN,2008-09-16,65.60,69.06,65.39,68.99,5465000,64.61
IWN,2008-09-15,67.86,69.44,66.74,66.87,4928300,62.62
IWN,2008-09-12,69.28,70.23,68.91,69.79,2248400,65.36
IWN,2008-09-11,68.32,69.90,67.75,69.80,3274800,65.37
IWN,2008-09-10,69.41,69.96,68.16,69.33,2581700,64.93
IWN,2008-09-09,70.89,71.53,68.58,68.66,3349400,64.30
IWN,2008-09-08,71.27,71.73,69.66,70.84,3590000,66.34
IWN,2008-09-05,68.57,69.25,67.32,68.75,3944500,64.38
IWN,2008-09-04,70.12,70.41,68.52,68.73,3359600,64.36
IWN,2008-09-03,69.98,71.15,69.57,70.77,2948600,66.27
IWN,2008-09-02,70.87,71.55,69.10,70.14,2617500,65.68
IWN,2008-08-29,70.22,70.32,69.41,69.73,2107900,65.30
IWN,2008-08-28,69.28,70.54,68.91,70.38,1730200,65.91
IWN,2008-08-27,68.15,69.30,67.89,68.82,2585900,64.45
IWN,2008-08-26,68.01,68.35,67.27,67.92,1374900,63.60
IWN,2008-08-25,69.07,69.36,67.44,67.82,2116600,63.51
IWN,2008-08-22,68.47,69.57,68.23,69.36,2083200,64.95
IWN,2008-08-21,68.32,68.57,67.70,67.96,2481000,63.64
IWN,2008-08-20,69.14,69.57,67.91,68.75,3263000,64.38
IWN,2008-08-19,69.49,69.98,68.36,68.62,4318400,64.26
IWN,2008-08-18,71.24,71.30,69.55,69.79,3993000,65.36
IWN,2008-08-15,71.18,72.10,70.28,71.02,2141900,66.51
IWN,2008-08-14,69.92,71.39,69.84,70.80,3345000,66.30
IWN,2008-08-13,70.25,70.63,69.17,70.12,2467200,65.67
IWN,2008-08-12,70.65,70.77,69.96,70.23,2049400,65.77
IWN,2008-08-11,68.80,71.54,68.71,70.70,3589800,66.21
IWN,2008-08-08,66.80,69.09,66.45,68.84,2611600,64.47
IWN,2008-08-07,67.57,67.85,66.43,66.58,2092800,62.35
IWN,2008-08-06,67.82,68.34,67.02,68.13,2237700,63.80
IWN,2008-08-05,66.74,68.00,66.52,67.65,2650900,63.35
IWN,2008-08-04,66.78,67.22,65.33,65.81,1755700,61.63
IWN,2008-08-01,66.97,67.30,65.69,66.82,2262700,62.57
IWN,2008-07-31,66.12,67.35,66.02,66.27,2740000,62.06
IWN,2008-07-30,67.33,67.68,66.04,66.94,2559800,62.69
IWN,2008-07-29,64.87,66.98,64.86,66.86,1938300,62.61
IWN,2008-07-28,66.24,66.28,64.50,64.74,2439600,60.63
IWN,2008-07-25,66.19,66.97,65.64,66.33,1687100,62.12
IWN,2008-07-24,67.69,67.69,65.35,65.62,2553900,61.45
IWN,2008-07-23,66.91,68.18,66.58,67.48,3183500,63.19
IWN,2008-07-22,64.21,67.05,64.04,66.83,3917600,62.58
IWN,2008-07-21,64.40,64.90,64.19,64.64,2584900,60.53
IWN,2008-07-18,65.13,65.13,63.66,64.24,2658500,60.16
IWN,2008-07-17,63.49,64.60,62.82,64.45,2624900,60.36
IWN,2008-07-16,60.67,63.09,60.16,62.98,3358600,58.98
IWN,2008-07-15,59.93,61.65,58.94,60.17,4122500,56.35
IWN,2008-07-14,62.61,62.64,60.44,60.87,2998700,57.00
IWN,2008-07-11,60.77,62.53,60.46,61.96,3632000,58.02
IWN,2008-07-10,61.10,62.32,60.84,61.59,3716000,57.68
IWN,2008-07-09,63.16,63.32,60.80,60.94,4968900,57.07
IWN,2008-07-08,60.50,63.16,60.32,63.16,4131500,59.15
IWN,2008-07-07,61.50,61.92,59.94,60.46,3762700,56.62
IWN,2008-07-03,61.90,61.98,60.73,61.17,3559000,57.28
IWN,2008-07-02,63.72,63.86,61.70,61.78,3514000,57.85
IWN,2008-07-01,62.95,64.09,62.50,63.98,2800700,59.92
IWN,2008-06-30,64.84,65.07,63.70,63.72,3506200,59.67
IWN,2008-06-27,65.08,65.55,64.32,64.55,2735400,60.45
IWN,2008-06-26,66.16,66.23,64.92,65.12,2880300,60.98
IWN,2008-06-25,66.09,67.26,66.09,66.71,2341100,62.47
IWN,2008-06-24,66.70,67.13,65.80,65.90,2215600,61.71
IWN,2008-06-23,67.93,68.23,66.95,66.96,1568200,62.71
IWN,2008-06-20,68.36,68.52,67.11,67.84,2355200,63.53
IWN,2008-06-19,68.24,68.90,67.95,68.90,2378000,64.52
IWN,2008-06-18,68.43,68.63,67.76,68.44,1769100,64.09
IWN,2008-06-17,69.47,69.58,68.77,68.77,1363000,64.40
IWN,2008-06-16,68.70,69.45,68.39,69.42,2304600,65.01
IWN,2008-06-13,68.10,68.85,67.88,68.78,1872500,64.41
IWN,2008-06-12,68.22,68.85,67.52,67.83,2163900,63.52
IWN,2008-06-11,68.78,69.03,67.59,67.59,2447000,63.30
IWN,2008-06-10,68.95,69.52,68.43,68.99,1577700,64.61
IWN,2008-06-09,69.97,70.23,68.70,69.39,2270900,64.98
IWN,2008-06-06,71.56,71.56,69.64,69.66,2171400,65.23
IWN,2008-06-05,70.28,71.79,70.04,71.76,2362200,67.20
IWN,2008-06-04,69.51,70.69,69.29,70.08,2312400,65.63
IWN,2008-06-03,69.95,70.38,68.96,69.57,2472600,65.15
IWN,2008-06-02,70.35,70.40,69.05,69.99,2602500,65.54
IWN,2008-05-30,70.32,70.51,70.01,70.28,1483900,65.81
IWN,2008-05-29,69.36,70.93,69.36,70.38,2864800,65.91
IWN,2008-05-28,69.55,69.80,68.94,69.74,1404800,65.31
IWN,2008-05-27,68.67,69.64,68.48,69.39,1773400,64.98
IWN,2008-05-23,69.30,69.40,68.07,68.58,1184900,64.22
IWN,2008-05-22,68.88,69.87,68.88,69.05,1479100,64.66
IWN,2008-05-21,69.79,70.27,68.58,68.84,2784800,64.47
IWN,2008-05-20,69.50,69.74,68.93,69.64,2678200,65.22
IWN,2008-05-19,69.94,70.58,69.47,69.96,2209100,65.52
IWN,2008-05-16,70.66,70.70,69.19,69.83,1442300,65.39
IWN,2008-05-15,69.60,70.44,69.27,70.26,895000,65.80
IWN,2008-05-14,69.99,70.43,69.60,69.60,1442600,65.18
IWN,2008-05-13,69.71,69.87,69.06,69.70,1833100,65.27
IWN,2008-05-12,68.27,69.57,68.26,69.34,1691600,64.93
IWN,2008-05-09,67.58,68.56,67.43,68.29,1803200,63.95
IWN,2008-05-08,68.38,68.48,67.65,68.17,1440800,63.84
IWN,2008-05-07,69.62,70.16,67.96,68.22,2396100,63.89
IWN,2008-05-06,68.63,69.82,68.34,69.15,1906400,64.76
IWN,2008-05-05,69.07,69.35,68.57,68.92,3056300,64.54
IWN,2008-05-02,70.25,70.26,69.00,69.17,1548600,64.78
IWN,2008-05-01,68.25,69.71,68.04,69.41,1755400,65.00
IWN,2008-04-30,68.53,69.35,67.81,68.16,1834500,63.83
IWN,2008-04-29,68.98,69.18,68.12,68.54,1159500,64.19
IWN,2008-04-28,68.80,69.46,68.32,69.23,1710900,64.83
IWN,2008-04-25,68.46,69.00,67.61,68.70,6043400,64.34
IWN,2008-04-24,67.42,68.70,66.44,68.26,3368500,63.92
IWN,2008-04-23,67.96,67.96,66.88,67.33,2094400,63.05
IWN,2008-04-22,68.36,68.36,66.77,67.50,1678700,63.21
IWN,2008-04-21,68.71,69.13,68.46,68.82,2280700,64.45
IWN,2008-04-18,69.35,69.60,68.88,69.05,1711300,64.66
IWN,2008-04-17,68.25,68.31,67.66,68.10,1481400,63.77
IWN,2008-04-16,67.01,68.47,66.83,68.37,1621900,64.03
IWN,2008-04-15,65.98,66.47,65.57,66.47,2460600,62.25
IWN,2008-04-14,65.77,66.43,65.36,65.58,2346000,61.41
IWN,2008-04-11,66.78,66.96,65.73,66.10,1491600,61.90
IWN,2008-04-10,66.66,67.95,66.41,67.50,1967900,63.21
IWN,2008-04-09,68.16,68.47,66.68,66.70,1106000,62.46
IWN,2008-04-08,67.67,68.47,67.60,68.12,864000,63.79
IWN,2008-04-07,68.92,69.00,68.01,68.22,1070200,63.89
IWN,2008-04-04,68.58,69.03,67.87,68.40,1337600,64.05
IWN,2008-04-03,67.85,68.83,67.69,68.41,1465200,64.06
IWN,2008-04-02,68.26,68.91,67.78,68.33,1748900,63.99
IWN,2008-04-01,66.82,68.26,66.71,68.26,2540900,63.92
IWN,2008-03-31,65.47,66.76,65.29,65.57,1218800,61.40
IWN,2008-03-28,66.61,66.70,65.25,65.43,991000,61.27
IWN,2008-03-27,67.65,67.66,66.34,66.34,1894800,62.13
IWN,2008-03-26,67.37,67.67,66.73,67.44,2951300,63.16
IWN,2008-03-25,67.89,68.00,66.87,67.83,2157200,63.52
IWN,2008-03-24,66.32,67.97,65.64,67.61,2232700,63.31
IWN,2008-03-20,64.65,66.34,64.10,65.94,3008500,61.75
IWN,2008-03-19,66.41,66.61,64.05,64.35,2788400,60.26
IWN,2008-03-18,64.16,65.96,63.45,65.96,4203300,61.77
IWN,2008-03-17,62.07,63.90,62.00,62.75,3423800,58.76
IWN,2008-03-14,65.62,65.62,63.00,63.79,1967900,59.74
IWN,2008-03-13,63.46,65.52,62.66,65.26,3541800,61.11
IWN,2008-03-12,64.79,65.87,64.03,64.09,3892700,60.02
IWN,2008-03-11,63.79,64.97,62.76,64.97,3658500,60.84
IWN,2008-03-10,63.32,63.50,61.70,61.89,2828400,57.96
IWN,2008-03-07,62.19,63.90,62.05,62.97,3698200,58.97
IWN,2008-03-06,64.63,64.69,62.70,62.86,2933600,58.87
IWN,2008-03-05,64.94,65.44,64.19,64.82,2898800,60.70
IWN,2008-03-04,64.29,65.11,63.71,64.68,3486300,60.57
IWN,2008-03-03,65.09,65.47,64.04,64.99,3640200,60.86
IWN,2008-02-29,66.36,66.36,64.94,65.62,2925200,61.45
IWN,2008-02-28,67.80,67.97,66.67,67.11,2329200,62.85
IWN,2008-02-27,67.75,69.02,67.54,68.32,3414800,63.98
IWN,2008-02-26,67.30,69.12,67.20,68.25,3921000,63.91
IWN,2008-02-25,66.33,68.03,65.99,67.92,4501200,63.60
IWN,2008-02-22,66.31,66.87,65.07,66.31,5633800,62.10
IWN,2008-02-21,68.02,68.61,66.11,66.23,2621600,62.02
IWN,2008-02-20,66.25,67.83,66.07,67.64,2145200,63.34
IWN,2008-02-19,67.38,67.70,66.38,66.68,1783100,62.44
IWN,2008-02-15,66.37,66.91,65.87,66.75,1227500,62.51
IWN,2008-02-14,68.55,68.73,66.67,66.91,3951500,62.66
IWN,2008-02-13,67.52,68.55,67.31,68.55,2183200,64.19
IWN,2008-02-12,66.96,67.74,66.46,67.03,3888200,62.77
IWN,2008-02-11,66.70,66.86,65.61,66.41,2773500,62.19
IWN,2008-02-08,66.91,67.65,65.97,66.64,1598200,62.41
IWN,2008-02-07,65.72,67.56,65.72,67.15,2216800,62.88
IWN,2008-02-06,67.37,67.83,65.98,66.01,1671400,61.82
IWN,2008-02-05,68.00,68.28,66.61,66.62,3193200,62.39
IWN,2008-02-04,69.40,69.40,68.14,68.59,1617500,64.23
IWN,2008-02-01,67.75,69.44,67.60,69.25,2559000,64.85
IWN,2008-01-31,64.62,68.34,64.30,67.77,4477900,63.46
IWN,2008-01-30,66.01,67.96,65.25,65.66,4098600,61.49
IWN,2008-01-29,66.55,67.00,65.44,66.66,3462800,62.42
IWN,2008-01-28,64.50,66.50,63.92,66.50,3468000,62.28
IWN,2008-01-25,65.89,66.13,64.31,64.80,3956000,60.68
IWN,2008-01-24,67.00,67.00,64.32,65.07,4539400,60.94
IWN,2008-01-23,60.01,65.59,60.01,65.44,5335200,61.28
IWN,2008-01-22,57.66,64.31,57.64,62.75,5750800,58.76
IWN,2008-01-18,63.63,64.17,61.67,62.55,5623200,58.58
IWN,2008-01-17,65.10,65.63,63.25,63.44,3932500,59.41
IWN,2008-01-16,63.99,66.05,63.99,65.08,4107200,60.95
IWN,2008-01-15,64.67,65.01,64.05,64.46,4024100,60.36
IWN,2008-01-14,65.53,66.00,65.12,65.82,2911100,61.64
IWN,2008-01-11,65.65,66.46,64.97,65.20,4895700,61.06
IWN,2008-01-10,64.87,67.25,64.78,66.70,6127100,62.46
IWN,2008-01-09,64.75,65.85,63.63,65.79,4665500,61.61
IWN,2008-01-08,67.28,68.14,64.97,65.18,4975300,61.04
IWN,2008-01-07,67.23,67.75,66.03,66.98,5194300,62.72
IWN,2008-01-04,67.95,67.95,66.31,66.64,3971600,62.41
IWN,2008-01-03,69.92,70.17,68.43,68.43,4111700,64.08
IWN,2008-01-02,70.94,70.97,69.20,69.71,4298200,65.28
IWN,2007-12-31,70.87,71.21,69.99,70.48,2445500,66.00
IWN,2007-12-28,72.15,72.63,70.90,71.17,2887200,66.65
IWN,2007-12-27,73.61,73.68,71.50,72.05,3663800,67.47
IWN,2007-12-26,73.61,74.61,73.50,74.41,2807200,69.68
IWN,2007-12-24,73.80,74.25,73.45,74.01,1248700,69.31
IWN,2007-12-21,72.53,73.50,72.53,73.50,4126100,68.83
IWN,2007-12-20,71.33,71.80,69.82,71.80,3722400,67.24
IWN,2007-12-19,70.61,70.91,69.90,70.63,3896000,66.14
IWN,2007-12-18,70.01,70.73,68.71,70.37,4495200,65.90
IWN,2007-12-17,69.95,70.25,69.09,69.09,4313500,64.70
IWN,2007-12-14,71.09,71.77,69.88,69.88,2541800,65.44
IWN,2007-12-13,71.32,71.97,70.83,71.62,3051700,67.07
IWN,2007-12-12,73.11,73.97,71.21,71.96,3760600,67.39
IWN,2007-12-11,74.36,74.67,71.50,71.59,4481100,67.04
IWN,2007-12-10,73.48,74.36,73.23,74.22,1799000,69.50
IWN,2007-12-07,73.48,73.90,73.06,73.10,3219000,68.46
IWN,2007-12-06,71.62,73.68,70.85,73.37,2814500,68.71
IWN,2007-12-05,71.50,71.64,70.62,71.40,2848100,66.86
IWN,2007-12-04,70.55,70.71,69.88,69.90,2051300,65.46
IWN,2007-12-03,71.45,71.98,70.84,71.04,2055100,66.53
IWN,2007-11-30,72.98,73.09,71.55,71.87,2754200,67.30
IWN,2007-11-29,71.99,72.21,71.21,71.80,2048000,67.24
IWN,2007-11-28,70.28,72.39,70.25,72.39,2444400,67.79
IWN,2007-11-27,68.71,69.93,68.60,69.51,2745600,65.09
IWN,2007-11-26,71.01,71.28,68.60,68.74,2189600,64.37
IWN,2007-11-23,69.71,71.64,69.71,71.05,715200,66.54
IWN,2007-11-21,70.17,70.71,69.36,69.45,3570800,65.04
IWN,2007-11-20,70.32,71.20,69.14,70.71,4672800,66.22
IWN,2007-11-19,71.35,71.87,70.04,70.34,2755300,65.87
IWN,2007-11-16,72.98,73.51,71.32,72.00,2824500,67.43
IWN,2007-11-15,73.81,73.81,72.03,72.78,2691400,68.16
IWN,2007-11-14,75.16,75.16,73.25,73.77,2974900,69.08
IWN,2007-11-13,72.92,74.54,72.84,74.38,3161300,69.65
IWN,2007-11-12,72.00,73.79,71.62,71.79,3633500,67.23
IWN,2007-11-09,71.66,73.19,71.18,72.28,3559500,67.69
IWN,2007-11-08,72.22,73.25,71.00,72.75,4672700,68.13
IWN,2007-11-07,73.35,73.80,71.75,72.19,3841900,67.60
IWN,2007-11-06,73.57,74.63,72.74,74.39,3154700,69.66
IWN,2007-11-05,73.40,73.90,72.65,73.33,2719700,68.67
IWN,2007-11-02,75.39,75.39,73.22,74.05,3914300,69.35
IWN,2007-11-01,76.45,77.54,74.02,74.33,3441100,69.61
IWN,2007-10-31,76.82,77.99,76.16,77.59,3144200,72.66
IWN,2007-10-30,76.55,77.26,76.14,76.29,2336300,71.44
IWN,2007-10-29,77.64,77.79,76.63,77.05,1908000,72.15
IWN,2007-10-26,76.85,77.35,74.85,77.26,2624800,72.35
IWN,2007-10-25,76.07,76.90,75.00,75.98,2946400,71.15
IWN,2007-10-24,76.45,76.54,74.55,75.93,5233200,71.11
IWN,2007-10-23,76.66,77.05,75.64,76.55,2896000,71.69
IWN,2007-10-22,74.02,76.51,73.97,76.38,3435200,71.53
IWN,2007-10-19,77.19,77.30,74.70,74.70,2400200,69.95
IWN,2007-10-18,77.07,77.80,76.96,77.33,2180100,72.42
IWN,2007-10-17,78.30,78.72,76.62,77.70,2250000,72.76
IWN,2007-10-16,78.05,78.46,77.67,77.67,2182600,72.74
IWN,2007-10-15,79.60,79.79,77.86,78.46,2823000,73.48
IWN,2007-10-12,79.16,80.04,79.16,79.68,1462300,74.62
IWN,2007-10-11,80.23,80.71,78.83,79.15,2424200,74.12
IWN,2007-10-10,79.97,80.28,79.42,80.01,1322400,74.93
IWN,2007-10-09,80.23,80.38,79.34,80.33,1568000,75.23
IWN,2007-10-08,80.07,80.45,79.49,79.83,961200,74.76
IWN,2007-10-05,79.52,80.63,79.30,80.39,1951300,75.28
IWN,2007-10-04,78.71,79.14,78.51,78.92,1354200,73.91
IWN,2007-10-03,78.84,79.28,78.42,78.82,1274000,73.81
IWN,2007-10-02,78.73,79.50,78.70,79.09,2512000,74.07
IWN,2007-10-01,77.01,78.84,76.68,78.68,2606100,73.68
IWN,2007-09-28,77.49,77.90,76.66,76.77,2468400,71.89
IWN,2007-09-27,77.60,77.99,77.23,77.50,2480900,72.58
IWN,2007-09-26,77.30,77.69,76.79,77.34,2216500,72.43
IWN,2007-09-25,76.55,76.86,76.19,76.70,2313800,71.83
IWN,2007-09-24,78.48,78.63,77.29,77.47,2449500,72.26
IWN,2007-09-21,78.51,78.94,78.10,78.10,2375800,72.84
IWN,2007-09-20,78.96,79.05,77.69,78.12,2419600,72.86
IWN,2007-09-19,78.77,79.56,78.49,79.07,3587500,73.75
IWN,2007-09-18,74.93,77.97,74.54,77.96,2991500,72.71
IWN,2007-09-17,75.04,75.32,74.54,74.71,1817000,69.68
IWN,2007-09-14,74.08,75.46,73.73,75.32,1939400,70.25
IWN,2007-09-13,75.08,75.87,74.49,75.03,1564500,69.98
IWN,2007-09-12,75.07,75.44,74.65,74.65,2739600,69.62
IWN,2007-09-11,74.69,75.50,74.46,75.50,2645000,70.42
IWN,2007-09-10,75.33,75.74,73.15,74.03,2357400,69.05
IWN,2007-09-07,75.44,75.69,74.53,75.10,5433700,70.04
IWN,2007-09-06,76.71,76.79,75.74,76.35,3309100,71.21
IWN,2007-09-05,77.11,77.27,75.97,76.48,1990200,71.33
IWN,2007-09-04,76.35,77.96,76.31,77.41,1870600,72.20
IWN,2007-08-31,77.07,77.50,76.10,76.71,1286000,71.55
IWN,2007-08-30,75.85,76.89,75.37,75.90,1982700,70.79
IWN,2007-08-29,74.95,76.48,74.69,76.45,3121700,71.30
IWN,2007-08-28,76.21,76.27,74.38,74.54,2742900,69.52
IWN,2007-08-27,77.35,77.60,76.41,76.65,1171800,71.49
IWN,2007-08-24,76.41,77.61,76.34,77.51,1978600,72.29
IWN,2007-08-23,77.69,78.16,76.36,76.71,2031200,71.55
IWN,2007-08-22,77.62,77.80,76.94,77.70,3015100,72.47
IWN,2007-08-21,76.82,77.17,76.02,76.68,2272300,71.52
IWN,2007-08-20,76.75,77.21,75.53,76.42,2071100,71.28
IWN,2007-08-17,77.31,78.14,75.52,76.52,3342800,71.37
IWN,2007-08-16,71.96,74.90,71.21,74.90,4352400,69.86
IWN,2007-08-15,73.34,75.06,72.27,72.70,2056200,67.81
IWN,2007-08-14,75.33,75.73,73.50,73.50,2382800,68.55
IWN,2007-08-13,77.00,79.65,75.04,75.23,3997700,70.17
IWN,2007-08-10,73.95,77.28,73.30,76.19,4381500,71.06
IWN,2007-08-09,74.67,76.21,74.42,74.42,3297300,69.41
IWN,2007-08-08,74.82,76.90,74.74,76.70,3551100,71.54
IWN,2007-08-07,73.62,74.82,72.77,74.24,2668900,69.24
IWN,2007-08-06,73.16,73.99,71.47,73.73,4203800,68.77
IWN,2007-08-03,76.07,76.07,72.55,72.60,2829400,67.71
IWN,2007-08-02,75.89,76.35,75.23,75.99,2389000,70.87
IWN,2007-08-01,75.62,75.96,74.11,75.62,3081600,70.53
IWN,2007-07-31,76.90,77.17,74.80,75.30,2894200,70.23
IWN,2007-07-30,75.34,76.50,74.74,76.02,2285000,70.90
IWN,2007-07-27,76.81,77.37,74.62,74.90,5144400,69.86
IWN,2007-07-26,77.08,78.21,75.73,76.65,6560200,71.49
IWN,2007-07-25,79.48,79.99,78.11,79.02,3459400,73.70
IWN,2007-07-24,80.53,80.54,78.64,79.12,3621300,73.79
IWN,2007-07-23,82.20,82.20,81.20,81.20,2887500,75.73
IWN,2007-07-20,82.86,83.11,81.02,81.50,3295700,76.01
IWN,2007-07-19,83.33,83.46,82.90,82.90,1388500,77.32
IWN,2007-07-18,82.59,82.89,81.73,82.70,2324400,77.13
IWN,2007-07-17,83.25,83.69,83.13,83.13,956700,77.53
IWN,2007-07-16,83.74,83.78,82.88,83.11,998900,77.52
IWN,2007-07-13,83.59,83.95,83.41,83.82,1248800,78.18
IWN,2007-07-12,82.72,83.86,82.72,83.85,1617500,78.21
IWN,2007-07-11,82.06,82.59,81.85,82.59,1572100,77.03
IWN,2007-07-10,83.36,83.48,82.18,82.20,2248200,76.67
IWN,2007-07-09,84.04,84.08,83.52,83.74,1305000,78.10
IWN,2007-07-06,83.76,83.97,83.16,83.78,2035300,78.14
IWN,2007-07-05,83.78,83.91,83.04,83.62,1631700,77.99
IWN,2007-07-03,83.50,84.00,83.25,83.54,970500,77.92
IWN,2007-07-02,82.85,83.40,82.62,83.32,3854100,77.71
IWN,2007-06-29,83.45,83.57,82.00,82.36,2463500,76.82
IWN,2007-06-28,83.44,83.68,82.78,82.99,1843800,77.40
IWN,2007-06-27,81.34,83.38,81.30,83.36,2428900,77.75
IWN,2007-06-26,82.76,82.84,81.85,81.85,1609300,76.34
IWN,2007-06-25,83.05,83.44,82.08,82.42,2270000,76.87
IWN,2007-06-22,83.61,83.64,82.53,82.71,1697700,77.14
IWN,2007-06-21,83.03,83.78,82.57,83.64,2203100,78.01
IWN,2007-06-20,84.96,84.96,83.30,83.30,2069000,77.69
IWN,2007-06-19,84.05,84.81,83.80,84.69,2867600,78.99
IWN,2007-06-18,85.38,85.38,84.11,84.50,2237700,78.81
IWN,2007-06-15,84.94,85.11,84.49,85.11,1522500,79.38
IWN,2007-06-14,83.36,84.12,83.36,83.65,1883400,78.02
IWN,2007-06-13,82.08,83.45,82.08,83.19,2913400,77.59
IWN,2007-06-12,83.02,83.27,81.96,82.15,2663500,76.62
IWN,2007-06-11,83.18,83.79,82.90,83.31,1007100,77.70
IWN,2007-06-08,82.69,83.67,82.26,83.50,2398700,77.88
IWN,2007-06-07,83.76,84.03,82.42,82.42,3336200,76.87
IWN,2007-06-06,84.40,84.40,83.62,83.95,2186500,78.30
IWN,2007-06-05,85.21,85.37,84.35,84.84,2546800,79.13
IWN,2007-06-04,85.11,85.53,84.87,85.45,3559200,79.70
IWN,2007-06-01,85.07,85.67,84.96,85.40,1508000,79.65
IWN,2007-05-31,84.75,85.08,84.28,84.80,1636700,79.09
IWN,2007-05-30,83.30,84.49,83.10,84.49,1859900,78.80
IWN,2007-05-29,83.41,83.96,83.05,83.90,1748700,78.25
IWN,2007-05-25,82.87,83.26,82.58,83.19,1244400,77.59
IWN,2007-05-24,83.51,84.66,82.17,82.53,3295500,76.97
IWN,2007-05-23,84.21,84.66,83.57,83.68,1549300,78.05
IWN,2007-05-22,83.46,84.25,83.24,83.81,1468600,78.17
IWN,2007-05-21,82.50,83.84,82.31,83.37,4015400,77.76
IWN,2007-05-18,82.05,82.80,81.72,82.54,1842600,76.98
IWN,2007-05-17,82.49,82.49,81.77,81.96,1241800,76.44
IWN,2007-05-16,82.04,82.60,81.60,82.60,2025700,77.04
IWN,2007-05-15,82.54,83.31,81.87,81.92,2303000,76.41
IWN,2007-05-14,83.24,83.58,82.50,82.70,1561700,77.13
IWN,2007-05-11,82.75,83.50,82.65,83.25,1155600,77.65
IWN,2007-05-10,83.30,83.31,82.17,82.50,2393700,76.95
IWN,2007-05-09,83.07,84.12,82.83,83.46,1303700,77.84
IWN,2007-05-08,83.31,83.58,82.54,83.40,1017300,77.79
IWN,2007-05-07,83.52,83.93,83.52,83.65,1236100,78.02
IWN,2007-05-04,83.44,83.62,83.10,83.58,1329200,77.95
IWN,2007-05-03,83.24,83.51,82.95,83.14,1179000,77.54
IWN,2007-05-02,82.05,83.37,81.90,83.03,1452400,77.44
IWN,2007-05-01,81.95,82.16,81.15,82.08,1817700,76.55
IWN,2007-04-30,83.53,83.54,81.47,81.55,1884900,76.06
IWN,2007-04-27,83.54,83.62,82.98,83.33,776600,77.72
IWN,2007-04-26,83.68,84.03,83.18,83.78,1380900,78.14
IWN,2007-04-25,83.72,84.07,83.15,83.60,1362400,77.97
IWN,2007-04-24,83.22,83.48,82.49,83.26,1373800,77.66
IWN,2007-04-23,83.30,83.63,82.98,83.34,1031200,77.73
IWN,2007-04-20,82.96,83.54,82.93,83.40,2046800,77.79
IWN,2007-04-19,82.23,82.87,81.97,82.41,1563200,76.86
IWN,2007-04-18,83.15,83.36,82.83,82.83,1281400,77.25
IWN,2007-04-17,83.74,83.74,83.08,83.42,1154200,77.80
IWN,2007-04-16,82.97,83.69,82.81,83.51,1062500,77.89
IWN,2007-04-13,82.08,82.48,81.71,82.48,2652000,76.93
IWN,2007-04-12,81.24,82.19,80.81,81.96,988900,76.44
IWN,2007-04-11,82.26,82.26,80.98,81.44,2175400,75.96
IWN,2007-04-10,81.87,82.32,81.75,82.14,1418400,76.61
IWN,2007-04-09,82.02,82.18,81.66,81.91,1976000,76.40
IWN,2007-04-05,81.90,82.15,81.80,81.85,1009900,76.34
IWN,2007-04-04,81.92,82.13,81.59,81.85,1032000,76.34
IWN,2007-04-03,81.30,82.30,81.30,82.18,1794100,76.65
IWN,2007-04-02,80.98,81.26,80.67,81.23,994000,75.76
IWN,2007-03-30,80.87,81.34,80.22,81.00,1446000,75.55
IWN,2007-03-29,81.14,81.14,79.95,80.68,1124000,75.25
IWN,2007-03-28,80.66,80.90,79.97,80.36,1542900,74.95
IWN,2007-03-27,81.32,81.55,80.69,81.04,1627400,75.58
IWN,2007-03-26,81.63,82.27,80.92,81.40,1461600,75.92
IWN,2007-03-23,81.57,81.87,81.49,81.78,1149300,76.27
IWN,2007-03-22,82.27,82.34,81.58,81.84,1357800,76.10
IWN,2007-03-21,80.85,82.19,80.44,82.10,1536900,76.34
IWN,2007-03-20,79.89,80.57,79.72,80.57,1118300,74.91
IWN,2007-03-19,79.52,80.19,79.45,79.98,1176300,74.37
IWN,2007-03-16,79.83,79.83,78.83,78.95,845700,73.41
IWN,2007-03-15,78.72,79.68,78.72,79.62,1276200,74.03
IWN,2007-03-14,77.84,78.84,77.18,78.84,2601800,73.31
IWN,2007-03-13,79.36,79.57,77.76,77.91,1611100,72.44
IWN,2007-03-12,79.27,80.12,79.27,79.93,1133400,74.32
IWN,2007-03-09,79.79,79.81,79.00,79.78,1176200,74.18
IWN,2007-03-08,79.52,80.37,78.85,79.38,1548400,73.81
IWN,2007-03-07,78.89,79.21,78.33,78.41,1528800,72.91
IWN,2007-03-06,77.94,79.28,77.68,78.79,2083700,73.26
IWN,2007-03-05,77.41,78.82,76.56,76.69,2055800,71.31
IWN,2007-03-02,79.76,79.93,78.35,78.35,3502000,72.85
IWN,2007-03-01,79.02,80.61,78.33,79.80,3273700,74.20
IWN,2007-02-28,79.89,80.69,79.22,80.18,2095800,74.55
IWN,2007-02-27,81.31,82.15,79.50,79.50,5103100,73.92
IWN,2007-02-26,83.59,83.72,82.43,83.06,1917900,77.23
IWN,2007-02-23,83.75,83.75,83.00,83.30,1048200,77.45
IWN,2007-02-22,83.73,83.83,83.00,83.74,1144200,77.86
IWN,2007-02-21,83.35,83.61,82.99,83.51,1292500,77.65
IWN,2007-02-20,82.82,83.71,82.15,83.56,1347000,77.70
IWN,2007-02-16,82.55,82.87,82.03,82.77,1191200,76.96
IWN,2007-02-15,82.56,82.86,82.25,82.52,1151800,76.73
IWN,2007-02-14,82.73,83.12,82.38,82.58,1099400,76.78
IWN,2007-02-13,82.16,82.58,81.90,82.58,1275900,76.78
IWN,2007-02-12,82.18,82.18,81.48,81.90,1685000,76.15
IWN,2007-02-09,82.96,82.96,81.39,82.01,1671200,76.25
IWN,2007-02-08,82.70,82.93,82.45,82.93,1299900,77.11
IWN,2007-02-07,82.63,83.23,82.18,83.23,1493100,77.39
IWN,2007-02-06,82.31,82.37,81.68,82.37,1434900,76.59
IWN,2007-02-05,82.17,82.24,81.57,81.98,2126100,76.23
IWN,2007-02-02,81.99,82.24,81.77,82.02,1342500,76.26
IWN,2007-02-01,81.58,82.00,81.23,82.00,1620100,76.24
IWN,2007-01-31,81.02,81.64,80.52,81.22,2298100,75.52
IWN,2007-01-30,80.77,81.44,79.71,80.98,1321800,75.30
IWN,2007-01-29,79.92,80.76,79.80,80.52,2765000,74.87
IWN,2007-01-26,79.51,80.04,78.86,79.73,2307600,74.13
IWN,2007-01-25,80.72,80.72,79.22,79.46,2028100,73.88
IWN,2007-01-24,79.86,80.59,79.72,80.48,1913100,74.83
IWN,2007-01-23,78.85,80.03,78.81,79.62,3066400,74.03
IWN,2007-01-22,79.74,79.74,78.73,79.01,1721700,73.46
IWN,2007-01-19,78.75,79.79,78.66,79.55,1347100,73.97
IWN,2007-01-18,79.65,79.75,78.80,78.98,2102900,73.44
IWN,2007-01-17,80.04,80.42,79.77,79.89,1828800,74.28
IWN,2007-01-16,80.79,81.02,79.95,80.07,1873100,74.45
IWN,2007-01-12,80.10,80.75,79.90,80.75,1433000,75.08
IWN,2007-01-11,79.36,80.29,79.13,79.86,1411200,74.25
IWN,2007-01-10,78.70,79.16,78.45,79.16,1941300,73.60
IWN,2007-01-09,78.67,79.10,77.97,79.01,2351200,73.46
IWN,2007-01-08,78.99,79.02,77.97,78.73,2054200,73.20
IWN,2007-01-05,80.12,80.12,78.59,78.72,2629000,73.19
IWN,2007-01-04,80.28,80.54,79.29,80.36,3182500,74.72
IWN,2007-01-03,80.90,81.17,79.32,80.24,2023400,74.61
IWN,2006-12-29,81.01,81.01,79.90,80.04,1421300,74.42
IWN,2006-12-28,81.15,81.23,80.65,80.88,1372200,75.20
IWN,2006-12-27,80.53,81.17,80.29,81.12,1588700,75.43
IWN,2006-12-26,79.30,80.17,79.18,80.15,2003400,74.52
IWN,2006-12-22,79.59,79.59,78.89,79.07,1285800,73.52
IWN,2006-12-21,79.90,80.13,79.17,79.33,3171700,73.76
IWN,2006-12-20,79.75,79.96,79.37,79.76,3293200,74.16
IWN,2006-12-19,79.05,79.93,79.01,79.77,1681700,74.17
IWN,2006-12-18,81.24,81.24,79.48,79.76,1439800,74.16
IWN,2006-12-15,80.76,81.29,80.70,80.77,1981400,75.10
IWN,2006-12-14,80.49,81.30,80.33,80.76,1864400,75.09
IWN,2006-12-13,80.55,80.61,79.89,80.41,1193700,74.77
IWN,2006-12-12,80.55,80.55,79.64,80.17,1611600,74.54
IWN,2006-12-11,80.07,80.56,79.93,80.50,1761900,74.85
IWN,2006-12-08,79.83,80.68,79.64,80.20,1890400,74.57
IWN,2006-12-07,80.91,80.93,80.07,80.07,1260300,74.45
IWN,2006-12-06,80.75,80.98,80.33,80.56,1575800,74.91
IWN,2006-12-05,81.00,81.26,80.65,80.89,1529400,75.21
IWN,2006-12-04,79.70,80.88,78.97,80.82,1933600,75.15
IWN,2006-12-01,79.92,79.93,78.39,79.38,1120600,73.81
IWN,2006-11-30,79.41,80.18,79.11,79.62,783900,74.03
IWN,2006-11-29,79.15,79.76,78.92,79.66,795300,74.07
IWN,2006-11-28,77.75,78.76,77.75,78.71,1373600,73.19
IWN,2006-11-27,80.14,80.14,78.21,78.26,1489900,72.77
IWN,2006-11-24,79.85,80.50,79.72,80.00,259000,74.38
IWN,2006-11-22,80.63,80.63,80.11,80.50,1060600,74.85
IWN,2006-11-21,80.00,80.40,79.90,80.38,2051100,74.74
IWN,2006-11-20,80.06,80.39,79.70,80.27,1473300,74.64
IWN,2006-11-17,80.17,80.17,79.45,80.17,1637000,74.54
IWN,2006-11-16,80.76,80.76,79.89,80.17,1184800,74.54
IWN,2006-11-15,79.70,80.49,79.55,80.20,1381400,74.57
IWN,2006-11-14,78.58,79.74,77.98,79.74,2504700,74.14
IWN,2006-11-13,78.00,78.45,77.74,78.24,737500,72.75
IWN,2006-11-10,77.35,78.05,77.11,78.05,821900,72.57
IWN,2006-11-09,78.46,78.46,76.82,77.19,618900,71.77
IWN,2006-11-08,76.80,78.17,76.67,77.95,948900,72.48
IWN,2006-11-07,77.30,78.09,77.17,77.43,1089700,72.00
IWN,2006-11-06,76.90,77.49,76.30,77.10,724200,71.69
IWN,2006-11-03,76.41,76.68,75.66,76.17,1021100,70.82
IWN,2006-11-02,75.55,76.38,75.55,75.83,1632300,70.51
IWN,2006-11-01,77.98,77.98,76.12,76.12,1617100,70.78
IWN,2006-10-31,78.20,78.26,77.10,77.61,1226400,72.16
IWN,2006-10-30,77.70,78.18,76.98,78.09,1336600,72.61
IWN,2006-10-27,78.37,78.48,77.32,77.40,864800,71.97
IWN,2006-10-26,78.14,78.50,77.34,78.38,961100,72.88
IWN,2006-10-25,77.34,77.85,76.88,77.74,618300,72.28
IWN,2006-10-24,77.00,77.40,76.88,77.26,912900,71.84
IWN,2006-10-23,77.01,77.75,76.67,77.41,800400,71.98
IWN,2006-10-20,77.97,77.97,77.02,77.12,880300,71.71
IWN,2006-10-19,77.19,77.93,77.10,77.72,391800,72.27
IWN,2006-10-18,78.10,78.19,77.17,77.40,858400,71.97
IWN,2006-10-17,77.45,77.68,76.87,77.49,931800,72.05
IWN,2006-10-16,77.40,77.95,77.17,77.80,888100,72.34
IWN,2006-10-13,76.95,77.40,76.68,77.40,782000,71.97
IWN,2006-10-12,75.76,76.83,75.66,76.70,752000,71.32
IWN,2006-10-11,75.45,75.93,74.71,75.33,704800,70.04
IWN,2006-10-10,75.81,76.00,75.35,75.82,583600,70.50
IWN,2006-10-09,75.17,75.86,74.78,75.81,509700,70.49
IWN,2006-10-06,75.35,75.59,74.74,75.22,1121100,69.94
IWN,2006-10-05,74.95,75.74,74.70,75.60,936400,70.29
IWN,2006-10-04,73.10,74.94,73.09,74.70,915800,69.46
IWN,2006-10-03,72.92,73.78,72.62,73.15,1412800,68.02
IWN,2006-10-02,73.75,74.05,72.96,73.32,1050400,68.17
IWN,2006-09-29,74.70,74.88,73.70,73.75,1441200,68.57
IWN,2006-09-28,75.00,75.13,74.23,74.56,1672700,69.33
IWN,2006-09-27,74.30,74.91,74.05,74.74,890800,69.49
IWN,2006-09-26,74.15,74.76,73.96,74.41,559600,69.19
IWN,2006-09-25,73.75,74.81,73.31,74.63,654200,69.05
IWN,2006-09-22,74.02,74.27,73.12,73.60,931800,68.09
IWN,2006-09-21,75.38,75.53,74.08,74.45,522200,68.88
IWN,2006-09-20,74.85,75.46,74.73,75.11,601400,69.49
IWN,2006-09-19,74.62,74.62,73.19,74.21,1073400,68.66
IWN,2006-09-18,74.52,74.98,74.12,74.69,1097000,69.10
IWN,2006-09-15,74.85,75.00,74.24,74.70,1196900,69.11
IWN,2006-09-14,74.50,74.62,74.00,74.54,686600,68.96
IWN,2006-09-13,74.24,74.86,74.07,74.83,348800,69.23
IWN,2006-09-12,73.04,74.33,72.70,74.27,1416000,68.71
IWN,2006-09-11,72.33,72.92,71.84,72.84,646700,67.39
IWN,2006-09-08,72.45,72.73,72.19,72.61,242800,67.18
IWN,2006-09-07,72.49,73.02,72.16,72.26,735900,66.86
IWN,2006-09-06,73.75,73.75,72.81,72.81,1130000,67.36
IWN,2006-09-05,73.80,74.35,73.60,74.21,467200,68.66
IWN,2006-09-01,73.91,74.04,73.35,73.69,450800,68.18
IWN,2006-08-31,73.91,74.05,73.45,73.58,778600,68.08
IWN,2006-08-30,73.20,73.75,72.95,73.50,1081900,68.00
IWN,2006-08-29,72.38,73.13,71.82,73.13,1004800,67.66
IWN,2006-08-28,71.55,72.29,71.43,72.16,850200,66.76
IWN,2006-08-25,71.40,71.94,71.21,71.40,519000,66.06
IWN,2006-08-24,71.82,71.82,70.95,71.44,636800,66.10
IWN,2006-08-23,72.37,72.61,71.13,71.53,531200,66.18
IWN,2006-08-22,72.00,72.44,71.85,72.27,3068500,66.86
IWN,2006-08-21,72.35,72.35,71.81,72.16,1620600,66.76
IWN,2006-08-18,72.70,72.83,71.95,72.70,575000,67.26
IWN,2006-08-17,72.22,72.82,72.08,72.55,884000,67.12
IWN,2006-08-16,72.02,72.43,71.56,72.38,870700,66.97
IWN,2006-08-15,71.00,71.58,70.89,71.58,885400,66.23
IWN,2006-08-14,70.20,70.98,69.84,70.10,655100,64.86
IWN,2006-08-11,69.98,70.11,69.46,69.76,857700,64.54
IWN,2006-08-10,69.38,70.71,69.10,70.23,1127600,64.98
IWN,2006-08-09,70.95,71.27,69.71,69.75,667200,64.53
IWN,2006-08-08,71.55,71.88,70.20,70.20,984500,64.95
IWN,2006-08-07,71.25,71.50,70.87,71.35,343700,66.01
IWN,2006-08-04,72.80,73.09,70.97,71.54,2507800,66.19
IWN,2006-08-03,70.50,72.03,70.32,71.90,755700,66.52
IWN,2006-08-02,70.80,71.51,70.71,71.30,940400,65.97
IWN,2006-08-01,70.85,70.90,70.12,70.54,746900,65.26
IWN,2006-07-31,71.24,71.58,70.89,71.50,999400,66.15
IWN,2006-07-28,70.52,71.60,70.37,71.60,947900,66.24
IWN,2006-07-27,71.35,71.50,69.83,70.10,2552600,64.86
IWN,2006-07-26,70.75,71.35,69.90,70.76,1330500,65.47
IWN,2006-07-25,70.45,71.43,70.20,70.80,1576900,65.50
IWN,2006-07-24,69.25,70.62,69.22,70.62,1039500,65.34
IWN,2006-07-21,69.20,69.20,68.20,68.57,1151100,63.44
IWN,2006-07-20,71.62,71.75,69.40,69.40,1152500,64.21
IWN,2006-07-19,69.65,71.43,69.45,71.09,1647600,65.77
IWN,2006-07-18,69.40,69.64,68.40,69.63,1086300,64.42
IWN,2006-07-17,69.14,69.56,68.54,69.04,814200,63.88
IWN,2006-07-14,69.35,69.40,68.37,68.90,1259000,63.75
IWN,2006-07-13,70.33,70.68,69.26,69.30,1940600,64.12
IWN,2006-07-12,71.95,72.10,70.69,70.87,1163900,65.57
IWN,2006-07-11,71.20,72.23,70.78,72.23,1247000,66.83
IWN,2006-07-10,71.55,72.16,71.29,71.57,695400,66.22
IWN,2006-07-07,71.76,72.43,71.18,71.40,870100,66.06
IWN,2006-07-06,72.28,72.71,71.82,72.33,1109200,66.92
IWN,2006-07-05,72.50,72.50,71.44,72.08,1623700,66.69
IWN,2006-07-03,72.35,73.00,72.08,73.00,1295500,67.54
IWN,2006-06-30,72.15,72.37,71.06,72.37,3213900,66.96
IWN,2006-06-29,69.75,71.80,69.62,71.80,2753100,66.43
IWN,2006-06-28,68.90,69.25,68.17,69.25,925700,64.07
IWN,2006-06-27,70.13,70.31,68.58,68.89,1660800,63.74
IWN,2006-06-26,69.66,70.05,69.40,70.05,767300,64.81
IWN,2006-06-23,68.55,69.48,68.32,69.14,1475200,63.97
IWN,2006-06-22,68.65,69.11,68.44,68.90,2349800,63.75
IWN,2006-06-21,68.15,69.72,68.08,69.47,1303400,64.08
IWN,2006-06-20,68.55,69.11,68.14,68.17,1590600,62.88
IWN,2006-06-19,69.75,69.83,68.22,68.33,1775300,63.03
IWN,2006-06-16,70.19,70.35,69.29,69.61,879800,64.21
IWN,2006-06-15,68.95,70.71,68.86,70.58,1876100,65.10
IWN,2006-06-14,67.60,68.42,67.38,68.33,1151800,63.03
IWN,2006-06-13,68.25,69.43,67.55,67.62,1028800,62.37
IWN,2006-06-12,70.30,70.30,68.55,68.71,1608000,63.38
IWN,2006-06-09,71.20,71.55,70.00,70.19,766400,64.74
IWN,2006-06-08,70.20,71.04,68.67,70.92,2622300,65.42
IWN,2006-06-07,71.00,72.10,70.46,70.64,975000,65.16
IWN,2006-06-06,71.35,71.42,70.16,71.15,1388000,65.63
IWN,2006-06-05,73.10,73.30,71.12,71.45,1121800,65.90
IWN,2006-06-02,73.80,73.99,72.83,73.50,3975100,67.79
IWN,2006-06-01,72.00,73.45,71.80,73.45,672800,67.75
IWN,2006-05-31,71.00,71.99,70.86,71.99,817000,66.40
IWN,2006-05-30,72.30,72.35,70.67,70.77,740900,65.28
IWN,2006-05-26,72.70,72.84,72.24,72.74,554200,67.09
IWN,2006-05-25,71.55,72.55,71.29,72.49,1057100,66.86
IWN,2006-05-24,70.60,71.43,69.39,71.07,989200,65.55
IWN,2006-05-23,72.00,72.36,70.30,70.39,887300,64.93
IWN,2006-05-22,71.25,71.84,70.30,71.28,1303200,65.75
IWN,2006-05-19,71.20,72.15,70.60,72.04,1723500,66.45
IWN,2006-05-18,72.20,72.61,71.03,71.12,1078500,65.60
IWN,2006-05-17,72.30,72.75,71.63,71.87,1440600,66.29
IWN,2006-05-16,73.05,73.47,72.62,73.01,552400,67.34
IWN,2006-05-15,72.55,73.11,72.05,72.91,933500,67.25
IWN,2006-05-12,74.26,74.30,73.00,73.07,1796100,67.40
IWN,2006-05-11,76.25,76.30,74.59,74.84,867600,69.03
IWN,2006-05-10,76.65,76.70,75.95,76.44,1245000,70.51
IWN,2006-05-09,76.76,76.96,76.56,76.86,265100,70.89
IWN,2006-05-08,76.75,76.98,75.90,76.84,738600,70.88
IWN,2006-05-05,76.65,77.22,76.46,76.76,1662000,70.80
IWN,2006-05-04,75.55,76.24,75.54,76.24,461600,70.32
IWN,2006-05-03,75.45,75.70,74.86,75.43,1145200,69.58
IWN,2006-05-02,74.75,75.50,74.43,75.50,453200,69.64
IWN,2006-05-01,75.45,75.53,74.39,74.39,885500,68.62
IWN,2006-04-28,74.30,75.16,74.15,74.99,1632100,69.17
IWN,2006-04-27,74.40,75.61,73.83,74.45,1181300,68.67
IWN,2006-04-26,74.85,75.50,74.64,75.01,916200,69.19
IWN,2006-04-25,74.90,74.90,74.20,74.80,1675400,68.99
IWN,2006-04-24,75.25,75.40,74.46,74.70,515300,68.90
IWN,2006-04-21,75.85,75.96,74.94,75.29,559200,69.45
IWN,2006-04-20,76.55,76.55,74.79,75.40,1276700,69.55
IWN,2006-04-19,75.35,75.92,74.96,75.90,501400,70.01
IWN,2006-04-18,73.55,75.20,73.41,75.20,1462400,69.36
IWN,2006-04-17,73.20,73.46,72.56,73.00,654600,67.33
IWN,2006-04-13,73.00,73.54,72.51,73.30,775100,67.61
IWN,2006-04-12,72.45,73.10,72.45,73.01,753000,67.34
IWN,2006-04-11,73.65,73.78,72.19,72.34,1351000,66.72
IWN,2006-04-10,73.80,74.12,73.21,73.50,1717400,67.79
IWN,2006-04-07,75.15,75.38,73.63,73.71,535900,67.99
IWN,2006-04-06,74.70,74.90,74.29,74.90,537000,69.09
IWN,2006-04-05,74.60,74.85,74.09,74.67,1925200,68.87
IWN,2006-04-04,74.15,74.82,73.92,74.51,871000,68.73
IWN,2006-04-03,74.85,75.21,74.14,74.30,666700,68.53
IWN,2006-03-31,74.65,74.76,74.07,74.74,1588700,68.94
IWN,2006-03-30,74.85,75.05,74.14,74.57,902300,68.78
IWN,2006-03-29,73.65,74.78,73.56,74.77,1111100,68.97
IWN,2006-03-28,73.65,74.04,73.13,73.33,497000,67.64
IWN,2006-03-27,73.65,73.72,73.19,73.72,504900,68.00
IWN,2006-03-24,73.05,73.62,72.86,73.59,548500,67.88
IWN,2006-03-23,72.93,73.25,72.62,73.25,536500,67.33
IWN,2006-03-22,71.95,73.13,71.78,72.82,818000,66.93
IWN,2006-03-21,73.05,73.49,71.98,72.00,845100,66.18
IWN,2006-03-20,73.30,73.40,72.70,73.15,1336100,67.24
IWN,2006-03-17,73.25,73.47,72.82,73.21,2297500,67.29
IWN,2006-03-16,73.30,73.56,72.93,73.04,731700,67.14
IWN,2006-03-15,72.30,73.11,72.18,72.97,1065000,67.07
IWN,2006-03-14,71.30,72.45,71.10,72.40,1270700,66.55
IWN,2006-03-13,71.80,72.10,71.22,71.51,848200,65.73
IWN,2006-03-10,70.50,71.44,70.23,71.44,642000,65.66
IWN,2006-03-09,70.80,71.25,70.32,70.37,1153700,64.68
IWN,2006-03-08,70.45,71.02,69.93,70.88,1119500,65.15
IWN,2006-03-07,71.01,71.13,70.43,70.54,515600,64.84
IWN,2006-03-06,72.10,72.26,71.36,71.61,743600,65.82
IWN,2006-03-03,72.10,72.91,71.98,72.03,1532400,66.21
IWN,2006-03-02,72.50,72.63,71.90,72.44,3180800,66.58
IWN,2006-03-01,71.45,72.65,71.45,72.54,908300,66.68
IWN,2006-02-28,72.35,72.35,71.32,71.34,986300,65.57
IWN,2006-02-27,72.33,72.75,72.23,72.35,1154500,66.50
IWN,2006-02-24,71.70,72.26,71.33,72.25,777800,66.41
IWN,2006-02-23,71.70,72.19,71.29,71.58,1095500,65.79
IWN,2006-02-22,71.40,71.95,71.06,71.79,925200,65.99
IWN,2006-02-21,71.75,71.77,70.75,71.33,388800,65.56
IWN,2006-02-17,71.70,71.75,71.22,71.52,630800,65.74
IWN,2006-02-16,71.35,71.68,71.05,71.63,1470900,65.84
IWN,2006-02-15,69.96,71.03,69.96,71.03,821100,65.29
IWN,2006-02-14,69.80,70.73,69.17,70.57,1055200,64.86
IWN,2006-02-13,70.00,70.00,69.28,69.60,621200,63.97
IWN,2006-02-10,69.95,70.23,69.29,69.99,942100,64.33
IWN,2006-02-09,70.60,71.07,70.02,70.02,958800,64.36
IWN,2006-02-08,70.25,70.63,69.75,70.60,1585200,64.89
IWN,2006-02-07,71.05,71.27,70.00,70.11,1380300,64.44
IWN,2006-02-06,70.65,71.09,70.24,71.05,1348700,65.31
IWN,2006-02-03,70.55,71.12,70.19,70.52,802200,64.82
IWN,2006-02-02,71.75,71.75,70.37,70.78,1522500,65.06
IWN,2006-02-01,71.30,71.92,71.20,71.69,1119200,65.89
IWN,2006-01-31,71.05,71.63,70.76,71.05,2371200,65.31
IWN,2006-01-30,71.40,71.64,71.08,71.20,1961600,65.44
IWN,2006-01-27,71.32,71.97,71.07,71.42,1033400,65.65
IWN,2006-01-26,70.50,71.22,70.40,71.16,936400,65.41
IWN,2006-01-25,70.43,70.58,69.82,70.42,1305700,64.73
IWN,2006-01-24,69.50,70.44,69.49,70.09,1305200,64.42
IWN,2006-01-23,69.10,69.53,69.00,69.29,694100,63.69
IWN,2006-01-20,69.89,69.89,68.69,69.10,2050700,63.51
IWN,2006-01-19,68.98,69.97,68.79,69.65,1674600,64.02
IWN,2006-01-18,68.45,68.92,68.33,68.87,1157700,63.30
IWN,2006-01-17,68.97,68.97,68.42,68.83,1065500,63.27
IWN,2006-01-13,69.30,69.34,68.84,69.23,567100,63.63
IWN,2006-01-12,69.28,69.53,68.91,69.13,1540100,63.54
IWN,2006-01-11,69.67,69.67,68.93,69.49,863400,63.87
IWN,2006-01-10,68.70,69.56,68.51,69.50,1166500,63.88
IWN,2006-01-09,68.50,69.20,68.46,68.87,994900,63.30
IWN,2006-01-06,68.20,68.50,67.66,68.39,1063700,62.86
IWN,2006-01-05,67.55,67.80,67.25,67.80,1361700,62.32
IWN,2006-01-04,67.25,67.70,67.02,67.57,1034400,62.11
IWN,2006-01-03,66.40,67.25,65.28,67.23,1662600,61.79
IWN,2005-12-30,66.00,66.25,65.71,65.93,1916900,60.60
IWN,2005-12-29,66.80,66.96,66.40,66.40,580400,61.03
IWN,2005-12-28,66.60,66.84,66.26,66.68,1340200,61.29
IWN,2005-12-27,67.40,67.50,66.26,66.49,982400,61.11
IWN,2005-12-23,67.35,67.35,67.10,67.17,574800,61.74
IWN,2005-12-22,66.80,67.09,66.51,67.09,1858400,61.67
IWN,2005-12-21,66.65,67.17,66.57,66.89,972100,61.17
IWN,2005-12-20,66.40,66.90,66.00,66.40,1110000,60.72
IWN,2005-12-19,67.30,67.30,66.21,66.45,1019500,60.77
IWN,2005-12-16,67.84,67.85,67.23,67.23,830200,61.48
IWN,2005-12-15,68.07,68.15,67.10,67.47,1871900,61.70
IWN,2005-12-14,68.30,68.56,67.85,68.19,719600,62.36
IWN,2005-12-13,68.05,68.34,67.66,68.25,1498700,62.41
IWN,2005-12-12,68.25,68.27,67.65,68.08,965500,62.26
IWN,2005-12-09,67.75,68.07,67.09,67.93,1937700,62.12
IWN,2005-12-08,67.50,68.14,67.08,67.62,1315000,61.84
IWN,2005-12-07,67.85,67.92,67.13,67.49,962400,61.72
IWN,2005-12-06,68.05,68.37,67.72,67.80,581200,62.00
IWN,2005-12-05,68.02,68.04,67.28,67.72,1088300,61.93
IWN,2005-12-02,68.10,68.20,67.54,68.20,1235100,62.37
IWN,2005-12-01,67.15,68.37,67.15,68.15,2182400,62.32
IWN,2005-11-30,66.70,67.30,66.63,66.95,486200,61.22
IWN,2005-11-29,66.75,67.13,66.43,66.70,606400,60.99
IWN,2005-11-28,67.50,67.50,66.36,66.55,550500,60.86
IWN,2005-11-25,67.40,67.55,67.22,67.45,130200,61.68
IWN,2005-11-23,67.15,67.74,67.15,67.52,824200,61.74
IWN,2005-11-22,66.95,67.48,66.74,67.30,959400,61.54
IWN,2005-11-21,66.55,67.15,66.10,67.08,518300,61.34
IWN,2005-11-18,66.30,66.54,65.94,66.40,674000,60.72
IWN,2005-11-17,65.05,66.00,65.05,65.98,518200,60.34
IWN,2005-11-16,65.10,65.18,64.36,64.93,514400,59.38
IWN,2005-11-15,65.95,66.15,64.87,65.03,1513400,59.47
IWN,2005-11-14,66.25,66.27,65.56,65.98,412500,60.34
IWN,2005-11-11,66.05,66.34,65.76,66.20,392300,60.54
IWN,2005-11-10,65.50,66.05,64.60,65.84,2112400,60.21
IWN,2005-11-09,65.10,65.92,64.95,65.39,985600,59.80
IWN,2005-11-08,65.30,65.31,64.86,65.24,579700,59.66
IWN,2005-11-07,65.50,65.85,65.12,65.48,514800,59.88
IWN,2005-11-04,65.45,65.51,64.78,65.27,1729800,59.69
IWN,2005-11-03,66.32,66.32,65.10,65.37,1677600,59.78
IWN,2005-11-02,64.05,65.32,63.90,65.32,761000,59.73
IWN,2005-11-01,64.10,64.37,63.70,64.18,642200,58.69
IWN,2005-10-31,63.80,64.59,63.75,63.75,1879900,58.30
IWN,2005-10-28,62.50,63.37,62.11,63.15,1343300,57.75
IWN,2005-10-27,63.15,63.18,61.96,62.19,1417400,56.87
IWN,2005-10-26,63.55,64.27,63.11,63.22,568800,57.81
IWN,2005-10-25,64.20,64.23,63.08,63.79,931000,58.33
IWN,2005-10-24,62.91,64.25,62.91,64.25,925200,58.75
IWN,2005-10-21,62.40,63.27,62.40,62.90,1028800,57.52
IWN,2005-10-20,63.40,63.42,61.73,62.30,1238500,56.97
IWN,2005-10-19,61.85,63.34,61.35,63.32,1266200,57.90
IWN,2005-10-18,62.76,63.05,61.95,62.06,869400,56.75
IWN,2005-10-17,62.75,63.11,62.03,62.84,2659200,57.46
IWN,2005-10-14,62.47,62.90,61.59,62.85,1583600,57.47
IWN,2005-10-13,61.69,62.08,61.06,61.91,4421000,56.61
IWN,2005-10-12,62.40,62.66,61.13,61.57,1754800,56.30
IWN,2005-10-11,63.40,63.66,62.39,62.39,1987600,57.05
IWN,2005-10-10,64.00,64.00,63.12,63.30,1003200,57.89
IWN,2005-10-07,63.75,64.06,63.42,63.82,1232400,58.36
IWN,2005-10-06,63.70,64.21,62.65,63.42,1298900,57.99
IWN,2005-10-05,65.30,65.30,63.65,63.74,2056100,58.29
IWN,2005-10-04,66.54,66.64,65.30,65.30,2245800,59.71
IWN,2005-10-03,66.15,66.63,66.05,66.31,1589800,60.64
IWN,2005-09-30,65.85,66.08,65.54,65.93,1115100,60.29
IWN,2005-09-29,64.95,65.84,64.54,65.78,756600,60.15
IWN,2005-09-28,65.40,65.40,64.47,64.91,622600,59.36
IWN,2005-09-27,65.40,65.62,64.75,65.20,551800,59.62
IWN,2005-09-26,65.35,65.72,65.08,65.45,500500,59.85
IWN,2005-09-23,64.50,65.17,64.14,65.12,589300,59.55
IWN,2005-09-22,64.66,65.11,63.99,64.90,1293300,59.10
IWN,2005-09-21,65.60,65.60,64.56,64.56,919400,58.79
IWN,2005-09-20,66.72,66.84,65.54,65.60,1247800,59.73
IWN,2005-09-19,68.81,68.81,64.93,66.52,272200,60.57
IWN,2005-09-16,66.70,67.03,66.36,66.88,898600,60.90
IWN,2005-09-15,66.50,66.56,66.07,66.27,414300,60.34
IWN,2005-09-14,67.15,67.25,66.20,66.35,419800,60.42
IWN,2005-09-13,67.50,67.50,66.84,67.01,807600,61.02
IWN,2005-09-12,67.30,67.93,67.07,67.59,799500,61.55
IWN,2005-09-09,67.05,67.39,66.96,67.25,471300,61.24
IWN,2005-09-08,67.20,67.25,66.59,66.85,702700,60.87
IWN,2005-09-07,67.15,67.40,66.88,67.36,1204000,61.34
IWN,2005-09-06,66.40,67.25,66.35,67.15,580400,61.14
IWN,2005-09-02,66.70,66.79,66.01,66.20,552300,60.28
IWN,2005-09-01,66.50,66.94,66.24,66.58,760400,60.63
IWN,2005-08-31,65.25,66.58,64.98,66.58,1022900,60.63
IWN,2005-08-30,65.20,65.35,64.80,65.17,714000,59.34
IWN,2005-08-29,64.60,65.51,64.30,65.45,553300,59.60
IWN,2005-08-26,65.75,65.75,64.67,64.70,515700,58.91
IWN,2005-08-25,65.55,65.87,65.39,65.78,483400,59.90
IWN,2005-08-24,65.46,66.10,65.00,65.32,546900,59.48
IWN,2005-08-23,65.78,65.80,64.98,65.61,628000,59.74
IWN,2005-08-22,65.30,65.67,65.05,65.67,1269200,59.80
IWN,2005-08-19,65.05,65.27,64.86,65.15,574400,59.32
IWN,2005-08-18,64.88,65.30,64.71,64.96,751600,59.15
IWN,2005-08-17,65.33,65.75,65.05,65.18,1007000,59.35
IWN,2005-08-16,66.15,66.15,65.17,65.25,484900,59.41
IWN,2005-08-15,65.70,66.58,65.39,66.30,579600,60.37
IWN,2005-08-12,66.10,66.17,65.26,65.77,915900,59.89
IWN,2005-08-11,65.83,66.51,65.68,66.44,1174200,60.50
IWN,2005-08-10,66.37,66.76,65.39,65.89,1226000,60.00
IWN,2005-08-09,66.04,66.27,65.69,66.02,736700,60.12
IWN,2005-08-08,66.45,66.57,65.67,65.90,1164400,60.01
IWN,2005-08-05,67.05,67.05,65.90,66.16,1235500,60.24
IWN,2005-08-04,68.05,68.14,67.06,67.20,1378200,61.19
IWN,2005-08-03,68.40,68.62,68.21,68.28,1184300,62.17
IWN,2005-08-02,68.25,68.87,68.25,68.81,1242800,62.66
IWN,2005-08-01,68.37,68.55,68.08,68.23,1175900,62.13
IWN,2005-07-29,68.46,68.66,67.87,68.18,2123400,62.08
IWN,2005-07-28,67.90,68.44,67.53,68.44,1003400,62.32
IWN,2005-07-27,67.85,67.86,67.06,67.82,874300,61.75
IWN,2005-07-26,67.55,67.92,67.19,67.75,694900,61.69
IWN,2005-07-25,67.85,68.21,67.15,67.35,829300,61.33
IWN,2005-07-22,66.85,67.97,66.84,67.89,1167800,61.82
IWN,2005-07-21,67.70,67.80,66.24,66.77,1665200,60.80
IWN,2005-07-20,66.80,68.02,66.72,67.91,1279600,61.84
IWN,2005-07-19,66.52,67.15,66.26,67.05,643000,61.05
IWN,2005-07-18,66.40,66.49,65.84,66.15,875100,60.23
IWN,2005-07-15,66.45,66.63,65.93,66.43,723900,60.49
IWN,2005-07-14,67.40,67.58,66.34,66.42,652300,60.48
IWN,2005-07-13,67.24,67.35,66.72,67.00,407400,61.01
IWN,2005-07-12,67.30,67.71,66.95,67.19,1019400,61.18
IWN,2005-07-11,66.60,67.45,66.55,67.37,1737100,61.34
IWN,2005-07-08,65.20,66.57,65.14,66.47,810400,60.53
IWN,2005-07-07,64.50,65.30,64.16,65.15,861900,59.32
IWN,2005-07-06,65.70,65.79,65.06,65.10,649500,59.28
IWN,2005-07-05,64.51,65.60,64.46,65.60,681200,59.73
IWN,2005-07-01,64.40,64.84,64.25,64.75,580600,58.96
IWN,2005-06-30,64.70,65.00,64.15,64.30,1621500,58.55
IWN,2005-06-29,64.60,64.80,64.35,64.58,752000,58.80
IWN,2005-06-28,63.55,64.58,63.48,64.58,1329400,58.80
IWN,2005-06-27,63.07,63.32,62.85,63.30,941300,57.64
IWN,2005-06-24,63.55,63.65,61.74,63.10,1773100,57.46
IWN,2005-06-23,64.66,64.71,63.59,63.69,901700,57.99
IWN,2005-06-22,64.70,64.91,64.21,64.63,1073700,58.85
IWN,2005-06-21,64.55,64.70,64.28,64.40,532800,58.64
IWN,2005-06-20,64.55,64.78,64.33,64.54,1303200,58.77
IWN,2005-06-17,65.15,65.41,64.73,64.74,467800,58.75
IWN,2005-06-16,64.30,64.90,64.19,64.77,670100,58.78
IWN,2005-06-15,64.20,64.30,63.56,64.30,530400,58.36
IWN,2005-06-14,63.45,64.05,63.21,64.05,394700,58.13
IWN,2005-06-13,63.05,63.53,62.87,63.45,540400,57.58
IWN,2005-06-10,62.80,63.20,62.80,63.14,449800,57.30
IWN,2005-06-09,62.50,63.11,62.12,63.00,567600,57.18
IWN,2005-06-08,188.50,189.26,187.11,187.11,842100,56.60
IWN,2005-06-07,188.65,190.29,187.85,188.25,1220700,56.95
IWN,2005-06-06,186.65,188.05,186.45,187.83,1212300,56.82
IWN,2005-06-03,187.72,188.62,186.39,186.90,1675800,56.54
IWN,2005-06-02,188.00,188.54,186.98,187.99,875700,56.87
IWN,2005-06-01,185.55,188.15,185.46,187.63,1348800,56.76
IWN,2005-05-31,186.24,186.56,185.00,185.15,695700,56.01
IWN,2005-05-27,185.00,186.00,184.04,186.00,356100,56.27
IWN,2005-05-26,183.05,184.80,183.00,184.71,395400,55.88
IWN,2005-05-25,183.95,183.95,181.90,182.15,527400,55.10
IWN,2005-05-24,183.75,184.72,183.39,183.82,636000,55.61
IWN,2005-05-23,183.70,185.10,183.40,184.70,706500,55.87
IWN,2005-05-20,183.45,183.56,182.00,183.05,830400,55.38
IWN,2005-05-19,182.90,183.99,182.35,183.45,1013400,55.50
IWN,2005-05-18,180.30,183.09,180.30,182.65,1323300,55.25
IWN,2005-05-17,177.90,179.64,176.86,179.50,957000,54.30
IWN,2005-05-16,175.20,178.33,175.20,178.33,529800,53.95
IWN,2005-05-13,177.35,177.35,173.72,175.53,889200,53.10
IWN,2005-05-12,180.40,180.45,176.28,176.68,2019600,53.45
IWN,2005-05-11,180.00,180.25,177.40,179.61,837300,54.33
IWN,2005-05-10,180.55,181.55,178.92,179.50,322200,54.30
IWN,2005-05-09,179.70,181.45,178.95,181.45,554100,54.89
IWN,2005-05-06,180.70,180.70,179.09,179.57,1024800,54.32
IWN,2005-05-05,179.50,180.58,178.18,179.39,1132800,54.27
IWN,2005-05-04,177.40,179.67,176.77,179.27,1140000,54.23
IWN,2005-05-03,176.45,177.88,175.64,177.28,745200,53.63
IWN,2005-05-02,175.10,176.70,174.72,176.55,684000,53.41
IWN,2005-04-29,174.20,174.92,171.60,174.65,2029500,52.83
IWN,2005-04-28,176.00,176.11,172.90,172.91,820500,52.31
IWN,2005-04-27,176.00,178.04,174.65,177.08,957300,53.57
IWN,2005-04-26,178.65,179.93,176.50,176.86,942300,53.50
IWN,2005-04-25,178.10,179.30,177.59,179.29,652200,54.24
IWN,2005-04-22,179.99,179.99,175.44,177.30,1167900,53.64
IWN,2005-04-21,177.80,180.00,176.51,180.00,1167300,54.45
IWN,2005-04-20,179.15,179.15,175.70,176.00,857400,53.24
IWN,2005-04-19,177.35,178.92,177.35,178.80,2757600,54.09
IWN,2005-04-18,174.90,176.82,173.59,176.11,1450800,53.28
IWN,2005-04-15,177.70,178.52,174.15,175.13,2651400,52.98
IWN,2005-04-14,181.00,181.50,177.77,178.04,2273700,53.86
IWN,2005-04-13,183.55,183.92,180.72,181.25,572400,54.83
IWN,2005-04-12,181.80,184.45,180.26,183.95,1155900,55.65
IWN,2005-04-11,183.40,183.40,181.63,182.15,381900,55.10
IWN,2005-04-08,185.90,185.98,182.97,182.97,638400,55.35
IWN,2005-04-07,184.40,186.50,184.05,185.95,802200,56.25
IWN,2005-04-06,185.00,186.39,184.78,185.16,541200,56.01
IWN,2005-04-05,184.50,185.07,183.96,184.70,701400,55.87
IWN,2005-04-04,183.50,184.83,181.99,184.31,746700,55.76
IWN,2005-04-01,184.90,186.20,182.45,183.30,1580100,55.45
IWN,2005-03-31,184.25,184.65,183.30,184.25,930300,55.74
IWN,2005-03-30,182.00,184.35,182.00,184.25,1072800,55.74
IWN,2005-03-29,183.80,185.46,180.92,181.65,1552800,54.95
IWN,2005-03-28,184.25,185.16,183.84,184.33,687600,55.76
IWN,2005-03-24,184.10,185.60,183.83,184.10,799500,55.69
IWN,2005-03-23,185.70,185.70,184.16,184.34,1056600,55.47
IWN,2005-03-22,187.05,189.55,186.00,186.20,1200000,56.03
IWN,2005-03-21,187.70,187.96,186.32,187.25,572100,56.34
IWN,2005-03-18,188.45,188.45,186.79,187.27,1031700,56.35
IWN,2005-03-17,187.85,189.07,187.24,188.22,829200,56.64
IWN,2005-03-16,188.70,188.93,187.22,187.85,1299900,56.52
IWN,2005-03-15,190.65,191.38,188.50,189.00,502800,56.87
IWN,2005-03-14,189.25,190.15,188.60,190.15,463800,57.22
IWN,2005-03-11,189.05,189.97,187.75,188.33,791100,56.67
IWN,2005-03-10,189.35,189.92,187.86,188.60,682500,56.75
IWN,2005-03-09,190.75,191.42,189.45,189.45,1213200,57.01
IWN,2005-03-08,193.15,193.58,191.35,191.40,707700,57.59
IWN,2005-03-07,193.70,194.51,193.14,193.37,899400,58.19
IWN,2005-03-04,192.15,193.91,191.54,193.67,928800,58.28
IWN,2005-03-03,190.90,191.80,189.63,191.00,999900,57.47
IWN,2005-03-02,190.20,192.03,189.71,190.33,531000,57.27
IWN,2005-03-01,189.90,191.25,189.35,191.15,726600,57.52
IWN,2005-02-28,190.05,190.48,187.76,189.30,3512400,56.96
IWN,2005-02-25,186.95,190.35,186.69,190.35,3168000,57.28
IWN,2005-02-24,184.90,187.00,183.82,186.81,1046700,56.21
IWN,2005-02-23,184.80,186.39,184.66,185.05,493200,55.68
IWN,2005-02-22,187.00,187.75,184.06,184.20,951900,55.43
IWN,2005-02-18,188.50,189.02,187.16,187.75,980400,56.49
IWN,2005-02-17,190.05,190.84,188.18,188.40,822600,56.69
IWN,2005-02-16,188.90,191.06,188.43,190.07,642900,57.19
IWN,2005-02-15,189.32,190.26,188.38,189.31,787800,56.96
IWN,2005-02-14,189.00,189.57,188.09,189.32,1263000,56.97
IWN,2005-02-11,186.75,189.50,185.42,189.25,1027800,56.95
IWN,2005-02-10,186.60,187.40,185.58,186.80,919500,56.21
IWN,2005-02-09,189.90,190.06,186.16,186.34,767400,56.07
IWN,2005-02-08,189.00,189.94,189.00,189.25,596700,56.95
IWN,2005-02-07,189.41,190.24,188.59,189.13,744000,56.91
IWN,2005-02-04,187.00,189.67,187.00,189.41,515700,56.99
IWN,2005-02-03,187.42,187.59,186.12,187.27,454800,56.35
IWN,2005-02-02,186.55,188.13,186.43,187.95,1067400,56.56
IWN,2005-02-01,185.65,187.00,185.36,186.55,978900,56.13
IWN,2005-01-31,183.83,185.98,183.83,185.45,904800,55.80
IWN,2005-01-28,183.61,184.11,181.50,183.38,3215400,55.18
IWN,2005-01-27,183.15,184.63,182.80,183.85,747000,55.32
IWN,2005-01-26,181.80,183.47,181.00,183.07,1121100,55.09
IWN,2005-01-25,181.95,182.85,180.55,181.10,750000,54.49
IWN,2005-01-24,182.65,183.08,180.42,180.83,882300,54.41
IWN,2005-01-21,182.70,183.70,181.52,181.95,701100,54.75
IWN,2005-01-20,182.40,183.85,182.02,182.22,1308000,54.83
IWN,2005-01-19,185.44,186.02,183.54,183.55,1519500,55.23
IWN,2005-01-18,183.40,186.23,182.99,185.69,572100,55.87
IWN,2005-01-14,182.49,183.83,182.00,183.56,387900,55.23
IWN,2005-01-13,182.35,183.47,181.09,181.60,767700,54.64
IWN,2005-01-12,182.00,182.65,179.80,182.50,1083300,54.92
IWN,2005-01-11,183.45,183.45,181.27,182.15,815700,54.81
IWN,2005-01-10,182.15,185.21,182.00,183.82,1059600,55.31
IWN,2005-01-07,184.35,185.13,182.00,182.00,1327200,54.76
IWN,2005-01-06,183.60,185.65,183.49,183.98,1346700,55.36
IWN,2005-01-05,187.00,187.08,183.51,183.51,2058600,55.22
IWN,2005-01-04,191.10,191.20,186.90,187.25,1454100,56.34
IWN,2005-01-03,194.00,194.04,189.71,190.70,1318200,57.38
IWN,2004-12-31,193.17,194.49,192.55,192.96,3172200,58.06
IWN,2004-12-30,193.61,193.90,193.00,193.30,3541500,58.16
IWN,2004-12-29,193.60,194.07,193.10,193.61,681000,58.26
IWN,2004-12-28,191.50,193.95,191.50,193.71,604500,58.29
IWN,2004-12-27,193.29,193.59,190.72,191.35,550800,57.58
IWN,2004-12-23,192.18,193.46,192.18,192.71,454500,57.99
IWN,2004-12-22,193.15,194.17,193.05,193.58,1469400,57.95
IWN,2004-12-21,191.65,192.83,191.27,192.83,713700,57.73
IWN,2004-12-20,191.73,192.42,190.04,190.87,1096500,57.14
IWN,2004-12-17,191.30,191.79,190.35,191.00,309900,57.18
IWN,2004-12-16,193.00,193.16,190.60,191.41,806700,57.30
IWN,2004-12-15,191.65,193.22,191.45,193.00,1067400,57.78
IWN,2004-12-14,190.65,191.89,190.43,191.45,711300,57.32
IWN,2004-12-13,189.70,190.50,188.29,190.43,1597800,57.01
IWN,2004-12-10,187.00,189.00,186.75,188.56,365100,56.45
IWN,2004-12-09,187.75,188.00,185.45,187.55,2264400,56.15
IWN,2004-12-08,186.55,188.21,186.24,188.21,1181400,56.35
IWN,2004-12-07,190.90,190.90,186.27,186.45,1584000,55.82
IWN,2004-12-06,188.89,191.27,188.89,189.88,349500,56.85
IWN,2004-12-03,191.20,192.06,190.60,191.18,1395600,57.23
IWN,2004-12-02,192.10,192.35,190.80,191.24,564000,57.25
IWN,2004-12-01,190.35,192.85,190.05,191.90,886800,57.45
IWN,2004-11-30,189.80,190.35,189.00,190.35,3963000,56.99
IWN,2004-11-29,189.15,190.41,187.28,188.88,3549900,56.55
IWN,2004-11-26,187.80,189.29,187.80,188.69,307500,56.49
IWN,2004-11-24,187.20,188.60,186.96,188.25,440400,56.36
IWN,2004-11-23,185.70,186.95,184.15,186.95,962700,55.97
IWN,2004-11-22,182.93,185.75,182.10,185.74,957900,55.61
IWN,2004-11-19,184.60,184.82,182.61,183.20,568200,54.85
IWN,2004-11-18,185.19,185.30,183.90,185.01,330000,55.39
IWN,2004-11-17,184.85,186.72,184.35,185.06,928500,55.40
IWN,2004-11-16,185.30,185.37,183.63,183.91,447600,55.06
IWN,2004-11-15,184.69,185.38,184.10,185.30,660000,55.47
IWN,2004-11-12,183.40,185.15,182.69,184.85,1159800,55.34
IWN,2004-11-11,181.85,183.33,181.40,183.25,1099800,54.86
IWN,2004-11-10,180.35,182.25,180.20,181.40,772800,54.31
IWN,2004-11-09,179.65,180.73,179.23,180.16,233400,53.94
IWN,2004-11-08,180.20,180.37,179.00,179.60,880800,53.77
IWN,2004-11-05,180.50,181.09,179.00,180.30,1172400,53.98
IWN,2004-11-04,177.55,179.91,176.85,179.55,759300,53.75
IWN,2004-11-03,177.10,177.92,176.20,177.55,1183500,53.15
IWN,2004-11-02,175.85,176.63,174.06,174.69,661800,52.30
IWN,2004-11-01,174.65,175.45,173.63,175.28,432000,52.47
IWN,2004-10-29,174.85,175.40,173.80,174.20,327600,52.15
IWN,2004-10-28,175.20,175.47,173.76,174.61,1812000,52.27
IWN,2004-10-27,173.70,175.50,173.24,175.47,1462500,52.53
IWN,2004-10-26,171.65,173.95,169.88,173.95,549300,52.08
IWN,2004-10-25,169.30,171.84,168.89,171.35,1009500,51.30
IWN,2004-10-22,172.11,172.89,169.55,169.55,726600,50.76
IWN,2004-10-21,170.45,172.44,169.65,172.35,427500,51.60
IWN,2004-10-20,169.15,170.59,168.25,170.00,249000,50.89
IWN,2004-10-19,172.00,172.70,169.48,169.57,1089000,50.76
IWN,2004-10-18,170.75,171.94,169.67,171.35,689400,51.30
IWN,2004-10-15,169.60,171.90,169.00,170.98,1125600,51.19
IWN,2004-10-14,170.30,170.77,169.08,169.08,762300,50.62
IWN,2004-10-13,174.08,174.10,170.15,170.33,1405500,50.99
IWN,2004-10-12,171.80,173.44,171.18,172.95,659700,51.78
IWN,2004-10-11,173.11,173.45,172.20,173.00,686400,51.79
IWN,2004-10-08,173.90,174.79,172.55,172.70,685500,51.70
IWN,2004-10-07,177.00,177.00,174.20,174.32,301500,52.19
IWN,2004-10-06,175.70,177.23,175.53,177.23,679200,53.06
IWN,2004-10-05,176.34,176.65,175.32,175.55,593100,52.56
IWN,2004-10-04,176.34,177.05,175.83,176.10,1030200,52.72
IWN,2004-10-01,171.80,175.32,171.80,175.32,765300,52.49
IWN,2004-09-30,170.61,172.29,170.34,171.69,1184400,51.40
IWN,2004-09-29,169.75,170.99,169.55,170.85,2374800,51.15
IWN,2004-09-28,168.00,169.92,167.60,169.70,2208600,50.80
IWN,2004-09-27,168.88,168.88,167.36,167.80,1130400,50.23
IWN,2004-09-24,169.72,170.35,169.21,169.21,655800,50.66
IWN,2004-09-23,170.09,170.58,169.52,169.96,2679000,50.69
IWN,2004-09-22,171.59,171.59,169.75,169.85,2665500,50.66
IWN,2004-09-21,171.68,173.10,171.68,172.55,459900,51.46
IWN,2004-09-20,171.65,172.10,170.96,171.39,838200,51.12
IWN,2004-09-17,172.65,172.82,171.00,172.00,496500,51.30
IWN,2004-09-16,170.85,172.60,170.85,172.46,388200,51.44
IWN,2004-09-15,170.75,171.08,170.00,170.15,449700,50.75
IWN,2004-09-14,171.60,172.07,170.23,171.21,1081200,51.06
IWN,2004-09-13,172.00,172.85,171.61,171.70,818400,51.21
IWN,2004-09-10,171.25,171.86,169.75,171.74,746400,51.22
IWN,2004-09-09,169.30,171.60,169.30,170.95,1391100,50.99
IWN,2004-09-08,170.15,171.18,168.68,169.40,343500,50.52
IWN,2004-09-07,169.60,170.38,169.03,170.15,1048200,50.75
IWN,2004-09-03,169.10,169.80,167.50,168.01,1318200,50.11
IWN,2004-09-02,166.35,169.85,166.35,169.85,999900,50.66
IWN,2004-09-01,165.70,167.55,165.70,166.79,865800,49.75
IWN,2004-08-31,164.65,166.10,163.94,166.10,941400,49.54
IWN,2004-08-30,165.85,166.08,164.46,164.66,955500,49.11
IWN,2004-08-27,165.40,166.54,165.24,166.27,485100,49.59
IWN,2004-08-26,165.30,165.68,164.80,164.88,466500,49.18
IWN,2004-08-25,164.70,165.75,163.50,165.39,805500,49.33
IWN,2004-08-24,164.50,165.01,163.59,164.28,666300,49.00
IWN,2004-08-23,165.20,165.55,163.50,163.95,731100,48.90
IWN,2004-08-20,162.20,165.03,161.99,164.55,684900,49.08
IWN,2004-08-19,162.75,163.37,161.60,161.85,503400,48.27
IWN,2004-08-18,159.80,163.40,159.67,163.40,1002300,48.74
IWN,2004-08-17,161.20,161.50,160.13,160.55,712800,47.89
IWN,2004-08-16,157.74,160.35,157.74,160.00,579600,47.72
IWN,2004-08-13,157.45,158.29,156.57,157.50,249600,46.98
IWN,2004-08-12,158.30,158.66,156.70,157.31,651600,46.92
IWN,2004-08-11,158.60,159.90,157.09,159.45,814200,47.56
IWN,2004-08-10,157.40,160.35,157.40,159.65,1581600,47.62
IWN,2004-08-09,157.55,158.11,156.71,157.19,333000,46.88
IWN,2004-08-06,156.80,159.36,156.80,157.65,1227000,47.02
IWN,2004-08-05,163.10,163.10,159.80,160.00,1049100,47.72
IWN,2004-08-04,162.20,164.17,161.09,162.86,473700,48.57
IWN,2004-08-03,164.00,164.27,162.75,162.75,431100,48.54
IWN,2004-08-02,163.55,164.80,162.33,164.79,923100,49.15
IWN,2004-07-30,163.80,164.63,163.30,164.10,1380000,48.94
IWN,2004-07-29,162.95,164.31,162.50,164.31,584100,49.01
IWN,2004-07-28,162.10,163.29,160.30,162.64,1497600,48.51
IWN,2004-07-27,160.40,162.92,160.40,162.80,716100,48.56
IWN,2004-07-26,161.50,162.08,159.20,160.09,653700,47.75
IWN,2004-07-23,162.70,163.00,161.29,161.40,1260300,48.14
IWN,2004-07-22,163.50,164.17,161.25,163.20,1235100,48.68
IWN,2004-07-21,168.30,168.42,163.75,163.75,1061100,48.84
IWN,2004-07-20,165.60,168.11,165.60,168.11,256800,50.14
IWN,2004-07-19,165.25,166.23,164.40,165.79,777300,49.45
IWN,2004-07-16,167.15,167.30,164.77,165.12,697200,49.25
IWN,2004-07-15,166.10,167.45,166.06,166.25,787500,49.59
IWN,2004-07-14,165.40,167.68,165.40,165.75,350100,49.44
IWN,2004-07-13,166.60,167.26,166.47,166.47,823800,49.65
IWN,2004-07-12,166.29,167.25,165.12,166.40,431100,49.63
IWN,2004-07-09,166.05,166.62,165.50,166.52,729600,49.67
IWN,2004-07-08,168.10,168.59,165.40,165.70,376200,49.42
IWN,2004-07-07,168.72,169.63,168.35,168.57,602700,50.28
IWN,2004-07-06,170.01,170.18,168.11,168.70,1129500,50.32
IWN,2004-07-02,170.49,170.71,169.45,170.59,474000,50.88
IWN,2004-07-01,172.45,175.45,169.81,170.25,1508100,50.78
IWN,2004-06-30,171.35,172.30,170.97,172.30,817200,51.39
IWN,2004-06-29,170.30,171.82,170.30,171.07,720000,51.02
IWN,2004-06-28,170.40,171.24,169.75,170.08,395700,50.73
IWN,2004-06-25,168.10,170.10,168.10,170.10,407100,50.73
IWN,2004-06-24,169.70,170.30,168.79,169.00,446700,50.25
IWN,2004-06-23,166.86,169.88,166.70,169.50,261600,50.39
IWN,2004-06-22,166.30,167.22,164.80,167.00,648000,49.65
IWN,2004-06-21,166.56,167.40,165.85,166.19,329400,49.41
IWN,2004-06-18,165.70,166.98,165.49,166.32,672300,49.45
IWN,2004-06-17,165.60,166.50,164.47,165.80,180600,49.29
IWN,2004-06-16,165.20,165.92,164.80,165.80,306300,49.29
IWN,2004-06-15,163.60,165.92,163.36,165.20,368700,49.12
IWN,2004-06-14,164.96,165.39,162.25,162.43,330300,48.29
IWN,2004-06-10,165.82,166.18,165.16,165.76,315900,49.28
IWN,2004-06-09,167.40,167.95,165.00,165.10,487200,49.09
IWN,2004-06-08,167.15,167.74,167.00,167.59,1073400,49.83
IWN,2004-06-07,165.40,167.72,164.72,167.52,356100,49.81
IWN,2004-06-04,164.20,165.40,163.41,164.34,227100,48.86
IWN,2004-06-03,165.00,165.00,162.65,162.65,1121700,48.36
IWN,2004-06-02,166.30,166.45,164.89,165.85,308100,49.31
IWN,2004-06-01,164.15,165.80,163.76,165.80,467400,49.29
IWN,2004-05-28,164.10,165.36,163.76,164.56,274200,48.93
IWN,2004-05-27,164.15,165.43,163.08,164.01,1297200,48.76
IWN,2004-05-26,163.15,163.98,162.20,163.95,679500,48.74
IWN,2004-05-25,159.75,163.65,159.49,163.20,892800,48.52
IWN,2004-05-24,159.75,160.10,158.45,159.90,483000,47.54
IWN,2004-05-21,156.65,158.33,156.58,157.84,609000,46.93
IWN,2004-05-20,156.50,156.99,155.48,156.32,403800,46.48
IWN,2004-05-19,158.30,159.80,155.64,155.85,462300,46.34
IWN,2004-05-18,155.10,156.90,155.10,156.82,281100,46.62
IWN,2004-05-17,153.75,156.23,153.26,154.99,531000,46.08
IWN,2004-05-14,157.00,158.71,155.74,156.65,390900,46.57
IWN,2004-05-13,158.15,158.97,156.72,157.00,939900,46.68
IWN,2004-05-12,157.66,158.60,154.10,158.60,804300,47.15
IWN,2004-05-11,155.65,158.12,155.63,157.90,950400,46.95
IWN,2004-05-10,156.72,157.29,153.65,154.71,1510500,46.00
IWN,2004-05-07,161.20,163.25,157.71,157.72,1160100,46.89
IWN,2004-05-06,163.30,163.56,160.33,162.31,1201500,48.26
IWN,2004-05-05,164.80,165.69,164.30,164.30,583800,48.85
IWN,2004-05-04,163.40,166.73,163.36,164.30,1856400,48.85
IWN,2004-05-03,162.00,164.22,161.78,163.59,1199400,48.64
IWN,2004-04-30,164.60,164.81,161.80,161.80,2493300,48.11
IWN,2004-04-29,167.00,167.65,162.93,163.75,839100,48.68
IWN,2004-04-28,169.90,169.90,166.30,166.30,410100,49.44
IWN,2004-04-27,170.15,171.39,169.35,170.28,831900,50.63
IWN,2004-04-26,170.60,171.49,169.08,169.75,322500,50.47
IWN,2004-04-23,171.60,171.60,168.89,170.22,342900,50.61
IWN,2004-04-22,168.09,172.10,168.09,171.16,488100,50.89
IWN,2004-04-21,166.50,168.50,165.26,168.50,761100,50.10
IWN,2004-04-20,169.70,171.25,165.72,166.49,927300,49.50
IWN,2004-04-19,168.45,169.96,167.32,169.48,711900,50.39
IWN,2004-04-16,167.80,169.63,166.62,168.70,451500,50.16
IWN,2004-04-15,167.40,168.50,166.07,167.12,593400,49.69
IWN,2004-04-14,167.56,168.80,165.80,167.55,1645800,49.81
IWN,2004-04-13,172.40,172.75,167.73,168.10,1157700,49.98
IWN,2004-04-12,172.30,173.45,171.55,171.92,954900,51.11
IWN,2004-04-08,174.10,174.44,172.01,172.05,760800,51.15
IWN,2004-04-07,172.45,174.14,171.40,173.42,638700,51.56
IWN,2004-04-06,174.00,174.01,172.31,172.95,654000,51.42
IWN,2004-04-05,174.85,174.99,173.35,174.55,816000,51.90
IWN,2004-04-02,175.45,175.59,173.93,174.50,990600,51.88
IWN,2004-04-01,170.99,172.97,170.99,172.61,402000,51.32
IWN,2004-03-31,170.75,171.50,169.60,171.15,758700,50.89
IWN,2004-03-30,169.04,170.75,169.00,170.75,415200,50.77
IWN,2004-03-29,167.05,169.01,167.01,168.80,550800,50.19
IWN,2004-03-26,165.60,166.95,165.15,166.00,427800,49.35
IWN,2004-03-25,164.00,166.24,163.51,166.20,443700,49.26
IWN,2004-03-24,164.01,164.41,162.50,163.10,591300,48.35
IWN,2004-03-23,163.85,165.25,163.18,164.25,525600,48.69
IWN,2004-03-22,164.90,165.25,162.82,163.29,746700,48.40
IWN,2004-03-19,167.05,167.59,165.20,165.70,759900,49.12
IWN,2004-03-18,167.60,167.85,165.23,166.65,884100,49.40
IWN,2004-03-17,166.10,168.30,165.65,167.65,804300,49.69
IWN,2004-03-16,166.00,166.74,163.71,165.35,1229100,49.01
IWN,2004-03-15,168.40,168.44,164.70,164.95,630300,48.89
IWN,2004-03-12,165.85,169.40,165.36,169.35,1274100,50.20
IWN,2004-03-11,166.15,168.86,164.70,164.70,683100,48.82
IWN,2004-03-10,170.50,171.28,166.45,166.45,414300,49.34
IWN,2004-03-09,171.25,171.95,169.82,170.45,442500,50.52
IWN,2004-03-08,173.60,174.15,171.36,171.36,441600,50.79
IWN,2004-03-05,172.05,174.30,171.72,173.00,468900,51.28
IWN,2004-03-04,171.15,173.03,170.32,173.03,455400,51.29
IWN,2004-03-03,170.60,171.71,169.26,171.14,702900,50.73
IWN,2004-03-02,171.50,172.32,170.70,171.00,550500,50.69
IWN,2004-03-01,169.95,172.00,169.65,171.85,286800,50.94
IWN,2004-02-27,168.70,170.05,168.31,169.60,336000,50.27
IWN,2004-02-26,166.95,168.84,166.65,168.65,994500,49.99
IWN,2004-02-25,166.16,167.65,165.37,167.65,401700,49.69
IWN,2004-02-24,165.30,167.23,164.41,166.05,977100,49.22
IWN,2004-02-23,167.25,167.50,164.90,165.45,1371900,49.04
IWN,2004-02-20,167.95,168.24,165.70,166.91,818100,49.48
IWN,2004-02-19,170.45,170.90,167.25,167.25,493200,49.58
IWN,2004-02-18,170.98,171.34,169.35,169.85,357000,50.35
IWN,2004-02-17,168.75,171.00,168.65,170.98,277800,50.68
IWN,2004-02-13,170.33,170.98,168.01,168.10,378600,49.83
IWN,2004-02-12,171.19,171.59,170.00,170.00,222600,50.39
IWN,2004-02-11,170.20,171.28,169.31,170.95,441600,50.67
IWN,2004-02-10,168.00,170.20,167.50,170.20,1017000,50.45
IWN,2004-02-09,167.57,168.75,167.44,167.85,233100,49.75
IWN,2004-02-06,164.25,167.99,163.86,167.65,667800,49.69
IWN,2004-02-05,162.65,164.25,162.51,163.50,499200,48.46
IWN,2004-02-04,165.10,165.11,162.10,162.40,1089300,48.14
IWN,2004-02-03,165.70,166.90,165.31,165.80,209100,49.15
IWN,2004-02-02,166.25,167.53,164.91,166.25,1091400,49.28
IWN,2004-01-30,166.30,167.22,165.24,165.90,640200,49.18
IWN,2004-01-29,167.70,167.89,164.60,166.38,2220300,49.32
IWN,2004-01-28,170.75,170.80,166.57,167.40,814500,49.62
IWN,2004-01-27,171.55,171.55,169.69,170.00,1333800,50.39
IWN,2004-01-26,170.05,171.60,168.98,171.60,482700,50.87
IWN,2004-01-23,169.30,170.35,168.30,170.00,964800,50.39
IWN,2004-01-22,170.65,171.04,168.96,168.99,323400,50.09
IWN,2004-01-21,169.75,170.52,168.50,169.90,1339800,50.36
IWN,2004-01-20,168.55,169.95,167.55,169.95,348000,50.38
IWN,2004-01-16,168.30,168.64,167.65,168.25,310800,49.87
IWN,2004-01-15,167.60,167.94,165.80,167.41,736800,49.62
IWN,2004-01-14,166.65,167.79,166.08,167.79,757500,49.74
IWN,2004-01-13,166.25,166.29,164.01,165.95,486300,49.19
IWN,2004-01-12,164.95,166.21,164.10,166.21,709500,49.27
IWN,2004-01-09,165.00,166.15,163.97,164.45,642600,48.75
IWN,2004-01-08,164.95,165.74,164.21,165.40,279900,49.03
IWN,2004-01-07,163.24,164.33,162.66,164.33,401400,48.71
IWN,2004-01-06,163.75,164.29,163.00,163.00,477000,48.32
IWN,2004-01-05,162.90,163.92,162.50,163.50,892200,48.46
IWN,2004-01-02,161.35,163.24,160.96,161.99,430500,48.02
IWN,2003-12-31,163.55,163.75,160.40,160.40,615300,47.55
IWN,2003-12-30,162.90,163.72,162.27,163.20,381600,48.38
IWN,2003-12-29,161.25,162.95,161.25,162.95,2017800,48.30
IWN,2003-12-26,160.10,160.78,160.03,160.78,206100,47.66
IWN,2003-12-24,160.15,160.35,159.52,159.70,717000,47.34
IWN,2003-12-23,158.90,160.11,158.75,160.11,809400,47.46
IWN,2003-12-22,157.50,159.35,157.50,159.35,246600,47.23
IWN,2003-12-19,157.95,158.00,156.72,157.90,525300,46.80
IWN,2003-12-18,156.00,158.39,155.50,157.65,576300,46.73
IWN,2003-12-17,155.90,156.34,154.50,156.10,587700,46.27
IWN,2003-12-16,154.74,156.19,153.15,156.10,366900,46.27
IWN,2003-12-15,159.50,159.54,154.50,154.50,1569300,45.65
IWN,2003-12-12,156.55,157.50,155.86,157.16,971400,46.43
IWN,2003-12-11,153.75,157.12,153.46,157.12,828000,46.19
IWN,2003-12-10,154.65,154.87,152.77,153.70,479100,45.18
IWN,2003-12-09,157.35,157.43,154.55,154.75,845400,45.49
IWN,2003-12-08,156.60,157.10,155.00,157.10,270600,46.18
IWN,2003-12-05,156.00,156.18,154.66,154.75,816600,45.49
IWN,2003-12-04,156.34,156.50,154.52,156.44,786600,45.99
IWN,2003-12-03,158.75,159.14,156.00,156.00,536400,45.86
IWN,2003-12-02,158.80,159.15,157.60,157.65,849900,46.34
IWN,2003-12-01,157.20,158.55,157.06,158.49,486000,46.59
IWN,2003-11-28,156.10,156.71,155.91,156.40,279000,45.98
IWN,2003-11-26,156.00,156.80,154.60,156.20,667500,45.92
IWN,2003-11-25,154.50,155.84,153.95,155.30,629400,45.65
IWN,2003-11-24,151.90,154.43,151.65,154.43,773700,45.40
IWN,2003-11-21,150.35,150.99,149.83,150.80,439800,44.33
IWN,2003-11-20,149.70,151.26,148.93,149.10,589500,43.83
IWN,2003-11-19,149.49,151.08,148.67,150.70,542100,44.30
IWN,2003-11-18,151.15,152.57,149.01,149.20,1114500,43.86
IWN,2003-11-17,151.25,151.25,149.01,150.42,582600,44.22
IWN,2003-11-14,154.34,155.40,151.65,151.65,448200,44.58
IWN,2003-11-13,154.00,154.59,153.25,154.10,1026300,45.30
IWN,2003-11-12,151.30,154.29,151.30,154.29,1087500,45.36
IWN,2003-11-11,152.05,152.50,150.65,151.29,648000,44.47
IWN,2003-11-10,154.70,154.70,152.06,152.06,894300,44.70
IWN,2003-11-07,155.50,155.64,154.21,154.50,614100,45.42
IWN,2003-11-06,153.50,154.99,152.85,154.99,925200,45.56
IWN,2003-11-05,153.30,153.75,151.30,153.60,418200,45.15
IWN,2003-11-04,153.00,153.89,152.41,153.40,540600,45.09
IWN,2003-11-03,151.10,153.30,151.10,152.81,1725000,44.92
IWN,2003-10-31,151.35,152.00,150.10,150.10,525000,44.12
IWN,2003-10-30,151.65,152.24,150.17,151.15,2286600,44.43
IWN,2003-10-29,149.30,151.15,149.25,150.90,342900,44.36
IWN,2003-10-28,147.60,149.54,147.20,149.54,380400,43.96
IWN,2003-10-27,145.39,147.25,145.39,147.20,293400,43.27
IWN,2003-10-24,144.75,145.28,143.63,145.15,292500,42.67
IWN,2003-10-23,146.10,146.64,144.37,145.50,903900,42.77
IWN,2003-10-22,148.00,148.29,145.80,146.35,600600,43.02
IWN,2003-10-21,149.00,149.70,148.50,149.13,132600,43.84
IWN,2003-10-20,148.65,149.35,148.10,148.83,182700,43.75
IWN,2003-10-17,150.75,151.05,148.00,148.00,1441200,43.51
IWN,2003-10-16,149.60,151.04,149.45,150.69,244200,44.30
IWN,2003-10-15,151.55,151.64,149.27,149.85,747900,44.05
IWN,2003-10-14,149.65,151.10,149.30,151.10,297900,44.42
IWN,2003-10-13,148.20,150.46,148.20,149.73,489300,44.02
IWN,2003-10-10,148.30,148.45,146.31,147.60,419100,43.39
IWN,2003-10-09,147.70,149.74,146.76,147.35,613800,43.32
IWN,2003-10-08,147.50,147.93,146.00,146.45,681000,43.05
IWN,2003-10-07,146.65,147.95,145.80,147.95,401100,43.49
IWN,2003-10-06,146.00,147.10,145.20,147.10,350400,43.24
IWN,2003-10-03,144.75,146.15,144.75,145.50,514800,42.77
IWN,2003-10-02,143.00,144.20,142.76,143.60,333300,42.21
IWN,2003-10-01,139.05,143.10,139.05,142.70,1278900,41.95
IWN,2003-09-30,140.00,140.14,137.01,138.56,684600,40.73
IWN,2003-09-29,138.50,140.20,137.01,140.20,2100900,41.21
IWN,2003-09-26,139.95,140.20,138.10,138.10,773400,40.60
IWN,2003-09-25,143.90,143.90,139.82,139.82,445500,41.10
IWN,2003-09-24,145.85,146.25,143.20,143.34,392700,42.14
IWN,2003-09-23,144.35,146.04,144.27,145.79,192000,42.86
IWN,2003-09-22,144.30,145.40,143.75,144.35,427200,42.43
IWN,2003-09-19,145.51,146.40,145.22,145.83,153600,42.87
IWN,2003-09-18,144.65,145.75,143.90,145.75,187800,42.85
IWN,2003-09-17,144.10,145.02,143.41,144.51,210900,42.48
IWN,2003-09-16,143.45,145.05,143.45,144.90,211800,42.60
IWN,2003-09-15,143.75,144.31,142.77,143.00,287700,42.04
IWN,2003-09-12,142.65,143.82,141.54,143.63,312600,42.22
IWN,2003-09-11,141.40,143.69,141.40,143.30,507000,41.98
IWN,2003-09-10,143.65,143.65,141.55,141.60,293100,41.49
IWN,2003-09-09,145.70,145.70,144.02,144.25,260400,42.26
IWN,2003-09-08,144.25,145.99,143.86,145.70,751800,42.69
IWN,2003-09-05,144.70,145.52,143.32,143.60,634200,42.07
IWN,2003-09-04,144.92,145.18,143.97,144.84,689100,42.44
IWN,2003-09-03,144.25,145.05,143.65,144.68,969900,42.39
IWN,2003-09-02,141.55,144.10,140.77,143.82,433800,42.14
IWN,2003-08-29,140.55,141.80,140.38,140.65,209100,41.21
IWN,2003-08-28,140.10,140.90,138.52,140.31,825900,41.11
IWN,2003-08-27,139.05,140.63,138.46,139.65,492600,40.92
IWN,2003-08-26,137.90,139.00,136.06,138.55,479700,40.59
IWN,2003-08-25,138.40,138.40,137.10,138.28,481200,40.51
IWN,2003-08-22,141.70,141.70,138.16,138.16,456300,40.48
IWN,2003-08-21,140.20,141.23,140.00,140.66,429300,41.21
IWN,2003-08-20,139.00,140.00,138.36,139.53,216000,40.88
IWN,2003-08-19,137.75,139.75,137.30,139.75,682500,40.94
IWN,2003-08-18,135.60,137.45,135.45,137.45,288900,40.27
IWN,2003-08-15,134.25,135.71,134.25,135.45,96600,39.68
IWN,2003-08-14,134.15,134.80,133.41,134.63,108900,39.44
IWN,2003-08-13,134.25,134.30,133.27,133.76,237300,39.19
IWN,2003-08-12,132.20,134.20,131.76,134.20,98700,39.32
IWN,2003-08-11,130.95,132.08,130.65,132.00,390000,38.67
IWN,2003-08-08,130.70,131.18,130.15,130.60,398700,38.26
IWN,2003-08-07,130.34,130.59,129.05,130.53,185400,38.24
IWN,2003-08-06,130.54,131.72,129.75,130.10,635100,38.12
IWN,2003-08-05,132.50,132.60,130.20,130.20,530700,38.15
IWN,2003-08-04,133.44,133.70,131.26,132.45,374100,38.81
IWN,2003-08-01,135.60,135.70,133.15,133.20,350700,39.03
IWN,2003-07-31,135.25,136.84,135.00,135.30,1137000,39.64
IWN,2003-07-30,135.25,135.60,134.16,134.85,141600,39.51
IWN,2003-07-29,135.20,135.94,133.82,135.11,64800,39.58
IWN,2003-07-28,133.96,135.40,133.96,135.10,215400,39.58
IWN,2003-07-25,133.10,134.24,132.25,133.72,156000,39.18
IWN,2003-07-24,133.93,134.87,132.86,132.91,152100,38.94
IWN,2003-07-23,133.20,133.39,131.50,133.20,282000,39.03
IWN,2003-07-22,131.70,132.95,131.01,132.70,553500,38.88
IWN,2003-07-21,133.15,133.15,130.71,131.55,139500,38.54
IWN,2003-07-18,132.60,133.54,131.90,133.20,239400,39.03
IWN,2003-07-17,134.85,135.49,132.03,132.05,387000,38.69
IWN,2003-07-16,136.10,136.40,134.80,135.50,120900,39.70
IWN,2003-07-15,137.00,137.00,135.20,136.00,276600,39.85
IWN,2003-07-14,136.60,137.39,135.90,136.30,212700,39.93
IWN,2003-07-11,134.55,135.89,134.55,135.80,211800,39.79
IWN,2003-07-10,136.10,136.10,133.62,133.99,210600,39.26
IWN,2003-07-09,135.70,136.54,134.70,136.21,157200,39.91
IWN,2003-07-08,134.02,136.05,133.58,135.79,315900,39.78
IWN,2003-07-07,132.90,134.04,132.90,133.78,817800,39.20
IWN,2003-07-03,132.45,132.55,131.66,132.15,822600,38.72
IWN,2003-07-02,130.50,132.50,130.15,132.45,1742100,38.81
IWN,2003-07-01,128.60,130.30,127.35,130.10,774000,38.12
IWN,2003-06-30,130.02,130.58,128.35,128.60,383400,37.68
IWN,2003-06-27,130.15,131.31,128.95,129.57,444600,37.96
IWN,2003-06-26,128.60,130.05,128.31,130.05,374400,38.10
IWN,2003-06-25,127.75,129.19,127.51,127.80,258300,37.44
IWN,2003-06-24,127.50,128.30,126.57,127.62,717000,37.39
IWN,2003-06-23,129.60,129.60,127.01,127.40,428700,37.33
IWN,2003-06-20,130.50,130.50,129.42,129.42,141300,37.92
IWN,2003-06-19,132.39,132.90,130.00,130.00,338700,38.09
IWN,2003-06-18,132.35,132.64,131.65,132.15,226500,38.72
IWN,2003-06-17,133.00,133.00,131.60,132.67,235500,38.87
IWN,2003-06-16,130.40,132.69,130.40,132.59,475800,38.85
IWN,2003-06-13,132.18,132.65,130.01,130.30,549900,38.18
IWN,2003-06-12,132.90,133.25,132.00,132.79,259800,38.80
IWN,2003-06-11,130.30,132.49,130.25,132.45,259800,38.70
IWN,2003-06-10,129.35,131.04,129.35,131.04,204300,38.28
IWN,2003-06-09,130.95,131.01,128.71,128.71,254700,37.60
IWN,2003-06-06,133.00,134.79,131.65,131.70,414000,38.48
IWN,2003-06-05,130.70,132.30,129.85,132.00,332400,38.57
IWN,2003-06-04,129.25,131.40,129.25,131.00,249300,38.27
IWN,2003-06-03,128.30,129.00,128.00,128.75,285900,37.62
IWN,2003-06-02,128.55,129.64,128.12,128.50,458400,37.54
IWN,2003-05-30,126.35,127.61,126.26,127.61,796500,37.28
IWN,2003-05-29,125.40,126.19,124.21,125.10,389700,36.55
IWN,2003-05-28,124.75,125.02,124.15,124.90,246000,36.49
IWN,2003-05-27,121.75,124.15,121.50,123.80,267900,36.17
IWN,2003-05-23,120.64,121.80,120.10,121.62,292500,35.53
IWN,2003-05-22,119.80,120.82,119.49,120.40,566100,35.18
IWN,2003-05-21,118.80,119.64,118.49,119.60,317700,34.94
IWN,2003-05-20,118.90,119.77,118.14,119.00,493800,34.77
IWN,2003-05-19,120.75,121.00,118.75,119.05,559800,34.78
IWN,2003-05-16,122.32,122.43,121.00,121.00,294000,35.35
IWN,2003-05-15,122.40,122.55,121.50,122.41,402300,35.76
IWN,2003-05-14,122.25,122.38,121.40,121.83,203700,35.59
IWN,2003-05-13,121.45,122.21,120.56,121.78,256500,35.58
IWN,2003-05-12,120.17,121.55,119.81,121.34,412200,35.45
IWN,2003-05-09,118.60,120.02,118.60,119.93,175200,35.04
IWN,2003-05-08,118.95,119.15,117.90,118.40,420000,34.59
IWN,2003-05-07,119.80,119.95,119.01,119.25,115500,34.84
IWN,2003-05-06,118.66,119.94,118.64,119.63,286800,34.95
IWN,2003-05-05,118.55,118.98,118.10,118.84,137400,34.72
IWN,2003-05-02,115.75,118.24,115.75,118.03,328500,34.48
IWN,2003-05-01,116.08,116.24,114.35,115.71,493200,33.81
IWN,2003-04-30,114.85,116.45,114.60,115.84,242700,33.84
IWN,2003-04-29,115.27,116.01,115.00,115.31,331800,33.69
IWN,2003-04-28,113.55,115.45,113.20,115.09,135900,33.62
IWN,2003-04-25,114.22,114.22,112.96,113.20,96000,33.07
IWN,2003-04-24,114.45,115.14,113.76,114.25,419700,33.38
IWN,2003-04-23,114.25,115.00,113.71,114.86,219300,33.56
IWN,2003-04-22,111.55,114.21,111.55,113.84,232800,33.26
IWN,2003-04-21,112.10,112.39,111.37,112.23,366600,32.79
IWN,2003-04-17,110.64,112.00,110.36,111.50,215700,32.58
IWN,2003-04-16,111.19,111.20,110.01,110.01,148800,32.14
IWN,2003-04-15,109.85,110.70,109.68,110.50,167700,32.28
IWN,2003-04-14,108.53,110.28,108.53,109.95,207000,32.12
IWN,2003-04-11,109.40,109.84,108.10,108.10,519600,31.58
IWN,2003-04-10,108.95,109.29,108.30,108.65,466200,31.74
IWN,2003-04-09,109.45,110.29,107.96,108.65,460500,31.74
IWN,2003-04-08,109.56,109.70,108.67,109.00,140400,31.85
IWN,2003-04-07,110.30,111.49,109.00,109.26,156000,31.92
IWN,2003-04-04,109.00,109.59,108.51,108.57,166200,31.72
IWN,2003-04-03,109.58,109.59,108.75,108.75,225900,31.77
IWN,2003-04-02,108.15,109.50,107.87,108.90,174000,31.82
IWN,2003-04-01,106.00,107.30,105.50,107.30,518100,31.35
IWN,2003-03-31,106.30,107.05,105.02,106.00,486300,30.97
IWN,2003-03-28,106.95,107.48,106.45,107.00,585900,31.26
IWN,2003-03-27,106.45,107.23,105.65,107.05,267900,31.28
IWN,2003-03-26,107.61,107.85,106.06,106.36,296700,31.07
IWN,2003-03-25,106.50,108.25,106.50,107.85,152400,31.51
IWN,2003-03-24,107.80,107.88,106.36,106.75,243600,31.19
IWN,2003-03-21,108.30,109.49,107.51,109.29,415800,31.93
IWN,2003-03-20,106.85,108.01,105.01,107.27,300900,31.34
IWN,2003-03-19,106.60,107.04,106.00,107.00,169800,31.26
IWN,2003-03-18,106.35,106.70,105.20,106.50,376200,31.12
IWN,2003-03-17,102.70,106.00,102.67,106.00,513900,30.97
IWN,2003-03-14,103.95,104.20,102.92,103.49,63600,30.24
IWN,2003-03-13,101.55,103.50,101.45,103.50,204000,30.24
IWN,2003-03-12,101.14,101.34,100.15,101.19,378300,29.56
IWN,2003-03-11,101.40,102.54,100.75,100.90,254700,29.48
IWN,2003-03-10,102.91,102.91,101.20,101.70,258300,29.71
IWN,2003-03-07,102.10,103.90,102.00,103.59,427200,30.27
IWN,2003-03-06,103.75,104.18,103.05,103.30,109200,30.08
IWN,2003-03-05,103.86,104.50,103.51,103.96,244800,30.27
IWN,2003-03-04,104.99,104.99,103.74,104.10,208500,30.31
IWN,2003-03-03,105.55,106.33,104.15,105.00,753600,30.58
IWN,2003-02-28,105.50,106.37,104.86,105.40,492600,30.69
IWN,2003-02-27,105.20,106.05,104.55,105.22,175500,30.64
IWN,2003-02-26,105.38,105.38,104.03,104.41,75600,30.40
IWN,2003-02-25,104.09,105.75,103.27,105.75,432600,30.79
IWN,2003-02-24,105.95,105.95,104.25,104.40,285600,30.40
IWN,2003-02-21,104.55,106.75,104.16,106.24,244500,30.94
IWN,2003-02-20,105.10,105.11,104.41,105.02,142800,30.58
IWN,2003-02-19,106.00,106.49,104.51,105.17,181500,30.63
IWN,2003-02-18,105.06,106.75,105.06,106.75,115200,31.09
IWN,2003-02-14,103.76,105.19,103.63,104.90,357900,30.55
IWN,2003-02-13,103.87,104.18,102.85,104.00,209700,30.28
IWN,2003-02-12,105.10,105.69,104.01,104.11,138000,30.32
IWN,2003-02-11,106.00,106.44,104.51,105.21,397200,30.64
IWN,2003-02-10,104.95,106.25,104.50,105.81,2126400,30.81
IWN,2003-02-07,107.15,107.45,104.71,104.71,294900,30.49
IWN,2003-02-06,107.15,107.65,106.26,106.95,166500,31.14
IWN,2003-02-05,108.35,108.89,106.95,107.54,340800,31.32
IWN,2003-02-04,107.90,108.11,106.41,108.11,646800,31.48
IWN,2003-02-03,108.71,109.54,107.97,108.06,845700,31.47
IWN,2003-01-31,106.90,108.99,106.90,108.71,172800,31.66
IWN,2003-01-30,109.15,109.70,106.95,107.41,601800,31.28
IWN,2003-01-29,108.05,109.70,106.90,109.30,351900,31.83
IWN,2003-01-28,108.10,109.20,106.80,108.65,991800,31.64
IWN,2003-01-27,108.60,109.33,107.36,107.65,253800,31.35
IWN,2003-01-24,111.00,111.01,109.21,109.47,393000,31.88
IWN,2003-01-23,111.05,112.00,110.55,111.40,1433700,32.44
IWN,2003-01-22,111.20,111.79,110.00,110.65,393600,32.22
IWN,2003-01-21,113.10,113.10,111.30,111.69,478200,32.52
IWN,2003-01-17,114.17,114.55,112.45,112.99,265800,32.90
IWN,2003-01-16,115.25,115.95,114.41,114.94,1083000,33.47
IWN,2003-01-15,115.50,115.80,114.31,115.10,626100,33.52
IWN,2003-01-14,115.00,115.95,114.60,115.71,947100,33.69
IWN,2003-01-13,115.70,115.80,114.01,114.94,605100,33.47
IWN,2003-01-10,114.50,115.47,114.05,115.01,451200,33.49
IWN,2003-01-09,113.90,115.44,113.90,114.80,867300,33.43
IWN,2003-01-08,114.00,114.10,113.10,113.55,376800,33.07
IWN,2003-01-07,115.40,115.68,113.60,114.60,396600,33.37
IWN,2003-01-06,114.01,116.15,114.01,115.49,1029300,33.63
IWN,2003-01-03,114.55,114.55,113.51,114.25,323700,33.27
IWN,2003-01-02,112.50,114.79,111.85,114.79,1071900,33.43
IWN,2002-12-31,112.00,113.65,111.11,111.50,1760700,32.47
IWN,2002-12-30,112.20,112.35,110.66,111.90,460800,32.58
IWN,2002-12-27,113.00,113.40,112.05,112.08,773400,32.64
IWN,2002-12-26,113.50,114.75,113.00,113.55,529200,33.07
IWN,2002-12-24,113.20,114.04,113.20,113.35,442500,33.01
IWN,2002-12-23,112.65,114.25,112.50,113.85,308400,33.15
IWN,2002-12-20,113.00,113.34,112.59,113.14,631800,32.95
IWN,2002-12-19,112.60,113.25,111.71,112.40,1789200,32.73
IWN,2002-12-18,113.95,113.95,111.71,111.90,915900,32.58
IWN,2002-12-17,114.90,115.10,113.60,114.25,370200,33.27
IWN,2002-12-16,113.00,115.00,113.00,115.00,286200,33.49
IWN,2002-12-13,114.50,114.70,112.80,113.25,684300,32.98
IWN,2002-12-12,115.15,116.19,115.06,115.72,826500,33.49
IWN,2002-12-11,114.45,115.85,114.45,115.10,410400,33.31
IWN,2002-12-10,113.65,115.49,113.21,115.32,309900,33.37
IWN,2002-12-09,115.00,115.14,112.75,113.14,227700,32.74
IWN,2002-12-06,113.75,116.15,113.65,115.40,444000,33.39
IWN,2002-12-05,116.25,116.25,114.61,114.95,287100,33.26
IWN,2002-12-04,115.60,117.00,114.80,115.79,213000,33.51
IWN,2002-12-03,118.00,118.00,116.55,116.85,500700,33.81
IWN,2002-12-02,118.85,119.84,117.35,118.30,945600,34.23
IWN,2002-11-29,119.20,119.34,117.35,117.44,156000,33.98
IWN,2002-11-27,116.50,119.03,116.40,119.03,762900,34.44
IWN,2002-11-26,116.51,116.84,114.56,115.65,666000,33.47
IWN,2002-11-25,115.89,117.04,115.21,116.51,378300,33.71
IWN,2002-11-22,114.65,116.40,114.44,115.89,340800,33.54
IWN,2002-11-21,113.90,115.35,113.43,115.34,1224300,33.38
IWN,2002-11-20,110.50,113.49,110.25,113.49,501300,32.84
IWN,2002-11-19,110.50,111.70,110.05,110.50,228300,31.98
IWN,2002-11-18,113.25,113.25,110.70,111.00,462300,32.12
IWN,2002-11-15,111.60,113.00,111.50,112.50,183000,32.55
IWN,2002-11-14,110.75,112.20,110.57,111.90,900600,32.38
IWN,2002-11-13,108.80,110.80,108.00,110.04,836400,31.84
IWN,2002-11-12,108.21,110.49,108.20,109.50,504300,31.69
IWN,2002-11-11,110.05,110.05,107.71,107.97,498600,31.24
IWN,2002-11-08,111.80,112.34,109.95,110.42,564900,31.95
IWN,2002-11-07,113.20,113.20,111.50,111.84,1387500,32.36
IWN,2002-11-06,113.05,114.50,112.36,114.30,674100,33.08
IWN,2002-11-05,112.05,112.83,111.62,112.54,450900,32.57
IWN,2002-11-04,112.95,113.80,112.00,112.29,681000,32.49
IWN,2002-11-01,108.50,111.92,108.50,111.92,1106100,32.39
IWN,2002-10-31,109.55,109.90,108.61,109.06,2055300,31.56
IWN,2002-10-30,108.35,109.15,107.65,109.00,1079400,31.54
IWN,2002-10-29,107.50,108.24,105.90,108.24,967800,31.32
IWN,2002-10-28,109.65,109.79,107.40,107.82,1551300,31.20
IWN,2002-10-25,106.40,109.00,106.40,109.00,547200,31.54
IWN,2002-10-24,108.00,108.29,106.51,106.90,807900,30.93
IWN,2002-10-23,105.65,107.70,104.80,107.40,561000,31.08
IWN,2002-10-22,106.20,106.99,105.46,105.81,657900,30.62
IWN,2002-10-21,106.20,107.50,105.19,107.45,305400,31.09
IWN,2002-10-18,105.80,106.53,105.19,106.00,1151100,30.67
IWN,2002-10-17,105.50,105.77,104.66,105.77,1201500,30.61
IWN,2002-10-16,105.05,105.20,102.71,103.45,605400,29.94
IWN,2002-10-15,104.00,105.80,103.61,105.65,798600,30.57
IWN,2002-10-14,101.50,102.19,101.01,101.94,880800,29.50
IWN,2002-10-11,100.15,102.65,100.15,101.60,1286400,29.40
IWN,2002-10-10,96.70,99.45,96.15,99.23,1290000,28.71
IWN,2002-10-09,100.45,100.48,96.66,96.66,636600,27.97
IWN,2002-10-08,101.90,101.95,99.21,101.95,649800,29.50
IWN,2002-10-07,103.65,103.70,100.35,100.91,1399800,29.20
IWN,2002-10-04,106.85,106.85,103.06,103.26,362100,29.88
IWN,2002-10-03,107.25,108.75,106.20,106.20,237000,30.73
IWN,2002-10-02,109.33,109.80,107.00,107.25,699600,31.04
IWN,2002-10-01,107.90,109.70,105.76,109.70,578100,31.74
IWN,2002-09-30,106.17,108.00,105.20,106.90,1425600,30.93
IWN,2002-09-27,109.50,110.45,107.17,107.17,510900,31.01
IWN,2002-09-26,108.35,110.29,108.35,110.29,1246500,31.91
IWN,2002-09-25,106.50,108.25,105.55,107.90,2178000,31.22
IWN,2002-09-24,105.67,106.90,105.35,105.51,686400,30.53
IWN,2002-09-23,108.55,109.00,105.80,106.55,321300,30.83
IWN,2002-09-20,109.25,109.90,108.51,109.11,533700,31.57
IWN,2002-09-19,110.50,111.40,108.40,108.52,372000,31.40
IWN,2002-09-18,111.60,112.95,110.55,112.00,278700,32.41
IWN,2002-09-17,115.50,115.50,112.10,112.20,519000,32.47
IWN,2002-09-16,115.70,115.70,114.20,114.45,410100,33.12
IWN,2002-09-13,114.30,115.89,113.80,115.70,360900,33.48
IWN,2002-09-12,116.00,116.60,114.70,114.95,517500,33.12
IWN,2002-09-11,118.75,118.75,116.40,116.40,225900,33.54
IWN,2002-09-10,117.00,117.50,115.06,116.89,898800,33.68
IWN,2002-09-09,116.50,117.50,115.00,116.75,220200,33.64
IWN,2002-09-06,114.80,116.90,114.80,116.50,323400,33.57
IWN,2002-09-05,115.50,115.70,113.86,113.95,489300,32.83
IWN,2002-09-04,113.70,116.25,113.30,116.25,323700,33.49
IWN,2002-09-03,115.50,115.64,113.03,113.20,958500,32.61
IWN,2002-08-30,116.95,118.04,116.56,116.60,225600,33.59
IWN,2002-08-29,115.55,117.94,115.50,116.95,357900,33.69
IWN,2002-08-28,117.60,118.30,116.40,116.60,545400,33.59
IWN,2002-08-27,121.09,121.40,118.26,118.26,1686600,34.07
IWN,2002-08-26,118.65,121.10,117.60,121.09,651000,34.89
IWN,2002-08-23,120.26,120.74,117.95,117.95,449700,33.98
IWN,2002-08-22,120.00,121.40,119.51,120.82,254100,34.81
IWN,2002-08-21,117.74,120.25,117.70,120.20,437100,34.63
IWN,2002-08-20,118.55,118.55,117.30,117.50,962100,33.85
IWN,2002-08-19,117.70,119.00,117.31,118.79,299100,34.22
IWN,2002-08-16,115.85,117.95,115.15,117.50,639600,33.85
IWN,2002-08-15,116.65,116.80,115.10,116.25,462000,33.49
IWN,2002-08-14,113.30,116.14,111.60,115.97,520500,33.41
IWN,2002-08-13,115.20,116.27,112.80,112.80,275400,32.50
IWN,2002-08-12,114.85,116.39,114.16,115.95,147000,33.41
IWN,2002-08-09,115.77,116.87,115.00,116.35,309900,33.52
IWN,2002-08-08,114.50,116.65,113.75,116.50,495000,33.57
IWN,2002-08-07,114.70,115.25,112.11,114.80,1026900,33.08
IWN,2002-08-06,110.85,113.60,110.85,113.58,924900,32.72
IWN,2002-08-05,111.90,112.45,109.70,109.95,583200,31.68
IWN,2002-08-02,115.85,115.85,112.05,112.15,1320000,32.31
IWN,2002-08-01,116.30,117.05,115.20,115.70,665700,33.33
IWN,2002-07-31,118.50,118.99,116.50,116.50,1317300,33.57
IWN,2002-07-30,118.85,119.75,115.50,118.70,603900,34.20
IWN,2002-07-29,115.00,119.20,114.85,118.95,880800,34.27
IWN,2002-07-26,112.40,113.85,111.40,113.85,1048500,32.80
IWN,2002-07-25,111.00,114.20,108.75,111.40,2524500,32.10
IWN,2002-07-24,103.50,112.20,103.50,112.00,1349400,32.27
IWN,2002-07-23,112.75,113.09,106.55,107.00,1188300,30.83
IWN,2002-07-22,114.51,116.00,111.20,112.41,1148700,32.39
IWN,2002-07-19,116.70,117.34,114.01,114.81,784500,33.08
IWN,2002-07-18,121.35,121.80,117.40,117.65,1672200,33.90
IWN,2002-07-17,122.50,123.00,119.15,121.35,430200,34.96
IWN,2002-07-16,121.65,122.70,119.71,120.55,859200,34.73
IWN,2002-07-15,122.00,122.30,118.05,122.08,1542600,35.17
IWN,2002-07-12,125.10,125.99,122.60,123.00,371100,35.44
IWN,2002-07-11,125.30,125.60,122.75,124.45,1701300,35.86
IWN,2002-07-10,128.65,128.65,125.70,125.71,617100,36.22
IWN,2002-07-09,129.70,130.60,128.35,128.55,550200,37.04
IWN,2002-07-08,131.40,132.14,129.40,129.75,524700,37.38
IWN,2002-07-05,128.80,131.49,128.71,130.98,124500,37.74
IWN,2002-07-03,128.50,129.55,126.31,127.80,1857900,36.82
IWN,2002-07-02,133.80,133.80,129.32,129.32,1081500,37.26
IWN,2002-07-01,136.15,136.30,133.20,133.50,483900,38.46
IWN,2002-06-28,135.45,137.49,135.45,135.90,1249800,39.15
IWN,2002-06-27,135.40,136.38,133.30,135.55,340500,39.05
IWN,2002-06-26,132.00,134.80,131.25,134.50,1006200,38.75
IWN,2002-06-25,136.25,137.32,133.62,133.90,1341000,38.58
IWN,2002-06-24,136.00,137.05,134.15,135.55,2941200,39.05
IWN,2002-06-21,136.30,137.05,135.40,136.15,1765200,39.23
IWN,2002-06-20,135.60,137.15,134.78,135.50,625500,39.04
IWN,2002-06-19,136.55,138.47,135.00,135.10,1110900,38.92
IWN,2002-06-18,136.80,138.35,136.40,137.50,210300,39.62
IWN,2002-06-17,134.45,137.35,134.45,137.35,723000,39.57
IWN,2002-06-14,132.25,134.09,130.50,133.85,479100,38.56
IWN,2002-06-13,135.25,136.00,133.40,133.66,267600,38.31
IWN,2002-06-12,135.00,135.85,133.95,135.75,373500,38.91
IWN,2002-06-11,137.50,137.74,135.01,135.35,661200,38.80
IWN,2002-06-10,136.91,138.00,136.25,136.30,534300,39.07
IWN,2002-06-07,134.40,137.59,134.25,137.15,726000,39.31
IWN,2002-06-06,137.85,137.85,135.10,135.10,343800,38.72
IWN,2002-06-05,137.50,138.14,136.75,137.70,643500,39.47
IWN,2002-06-04,137.00,137.65,135.50,137.30,1339500,39.36
IWN,2002-06-03,140.60,140.75,137.30,137.40,861300,39.38
IWN,2002-05-31,141.00,142.63,140.90,140.90,771300,40.39
IWN,2002-05-30,140.60,141.68,139.60,140.80,830700,40.36
IWN,2002-05-29,141.45,141.80,140.25,140.60,498000,40.30
IWN,2002-05-28,142.50,142.68,140.27,141.93,667500,40.68
IWN,2002-05-24,143.70,144.05,142.25,142.25,808200,40.77
IWN,2002-05-23,141.95,144.39,141.00,143.90,970500,41.25
IWN,2002-05-22,141.90,142.95,140.85,141.69,522600,40.61
IWN,2002-05-21,144.14,144.75,141.80,142.29,606600,40.79
IWN,2002-05-20,145.00,145.45,143.90,143.90,813900,41.25
IWN,2002-05-17,145.50,145.80,144.05,145.78,3598200,41.79
IWN,2002-05-16,146.91,147.05,144.55,145.27,1073100,41.64
IWN,2002-05-15,146.35,147.63,145.76,147.15,500700,42.18
IWN,2002-05-14,144.45,147.05,144.05,146.90,697200,42.11
IWN,2002-05-13,142.00,143.65,141.75,143.48,1124400,41.13
IWN,2002-05-10,144.20,144.25,141.70,141.70,440400,40.62
IWN,2002-05-09,146.10,146.50,144.20,144.20,275400,41.33
IWN,2002-05-08,146.00,146.70,145.10,146.70,402900,42.05
IWN,2002-05-07,145.65,145.80,144.36,144.40,551100,41.39
IWN,2002-05-06,147.40,148.00,145.00,145.25,747000,41.63
IWN,2002-05-03,147.70,148.09,146.55,147.40,793800,42.25
IWN,2002-05-02,146.30,148.05,146.29,148.00,909900,42.42
IWN,2002-05-01,145.90,146.65,144.00,146.30,412200,41.93
IWN,2002-04-30,143.55,145.75,143.45,145.50,935100,41.71
IWN,2002-04-29,143.25,143.34,142.35,142.67,628500,40.89
IWN,2002-04-26,144.60,144.94,142.60,142.60,207900,40.87
IWN,2002-04-25,143.20,144.85,142.65,144.85,351600,41.52
IWN,2002-04-24,144.95,145.90,143.45,143.66,592200,41.18
IWN,2002-04-23,144.40,144.95,144.00,144.75,394500,41.49
IWN,2002-04-22,145.10,145.40,144.16,144.45,608400,41.40
IWN,2002-04-19,146.40,146.60,145.57,145.90,187200,41.82
IWN,2002-04-18,146.60,146.89,144.81,146.04,317100,41.86
IWN,2002-04-17,148.10,148.10,146.32,146.60,713100,42.02
IWN,2002-04-16,146.00,147.80,145.80,147.50,539700,42.28
IWN,2002-04-15,146.80,147.04,144.81,145.07,1004100,41.58
IWN,2002-04-12,143.55,146.35,143.02,146.00,606600,41.85
IWN,2002-04-11,144.51,144.90,142.80,142.80,1177500,40.93
IWN,2002-04-10,142.40,144.75,142.40,144.75,957000,41.49
IWN,2002-04-09,141.45,142.74,141.40,142.25,1047600,40.77
IWN,2002-04-08,139.55,141.69,138.99,141.69,241800,40.61
IWN,2002-04-05,139.85,140.95,139.85,140.00,1159200,40.13
IWN,2002-04-04,138.55,140.02,138.45,139.60,291000,40.01
IWN,2002-04-03,139.85,140.28,138.80,139.25,1037100,39.91
IWN,2002-04-02,140.00,140.65,139.51,139.85,483600,40.09
IWN,2002-04-01,140.50,140.94,138.51,140.30,564300,40.21
IWN,2002-03-28,141.30,142.00,139.90,139.90,475500,40.10
IWN,2002-03-27,139.90,141.20,139.75,141.20,277500,40.47
IWN,2002-03-26,137.90,139.38,137.90,139.30,639900,39.93
IWN,2002-03-25,139.30,139.65,137.55,137.80,489600,39.50
IWN,2002-03-22,140.30,141.00,139.26,139.26,580800,39.92
IWN,2002-03-21,138.75,140.40,138.21,140.30,227100,40.21
IWN,2002-03-20,139.95,140.04,138.62,138.85,257100,39.80
IWN,2002-03-19,139.90,140.33,139.01,140.20,382500,40.19
IWN,2002-03-18,138.80,140.05,138.27,139.21,333900,39.90
IWN,2002-03-15,138.00,139.35,137.42,138.50,313800,39.70
IWN,2002-03-14,137.60,138.43,137.20,138.20,597300,39.61
IWN,2002-03-13,137.85,137.98,137.00,137.42,190500,39.39
IWN,2002-03-12,137.35,138.40,136.75,138.18,348000,39.61
IWN,2002-03-11,137.70,138.65,137.00,138.20,208800,39.61
IWN,2002-03-08,138.59,138.79,137.40,138.10,913200,39.58
IWN,2002-03-07,138.00,138.25,137.10,137.80,541200,39.44
IWN,2002-03-06,135.34,137.44,135.00,137.39,417600,39.32
IWN,2002-03-05,135.35,136.28,134.65,135.10,268500,38.67
IWN,2002-03-04,133.80,135.84,133.55,135.15,580500,38.68
IWN,2002-03-01,131.00,133.40,131.00,133.38,136500,38.18
IWN,2002-02-28,132.20,132.20,130.67,130.70,350100,37.41
IWN,2002-02-27,131.80,132.43,131.42,131.76,484800,37.71
IWN,2002-02-26,130.60,131.70,130.20,131.20,230400,37.55
IWN,2002-02-25,130.01,130.55,129.45,130.50,207900,37.35
IWN,2002-02-22,127.85,129.94,127.40,129.77,264300,37.14
IWN,2002-02-21,129.75,130.05,127.45,127.45,179100,36.48
IWN,2002-02-20,127.50,129.99,127.02,129.99,224400,37.21
IWN,2002-02-19,128.50,129.14,127.20,127.70,324000,36.55
IWN,2002-02-15,129.55,130.14,128.22,129.50,210000,37.06
IWN,2002-02-14,130.65,130.78,129.10,129.60,122700,37.09
IWN,2002-02-13,129.45,130.28,129.22,130.00,177000,37.21
IWN,2002-02-12,128.67,129.69,128.12,129.23,453300,36.99
IWN,2002-02-11,128.34,129.40,128.00,129.09,247800,36.95
IWN,2002-02-08,126.25,128.10,125.65,128.10,371700,36.66
IWN,2002-02-07,127.00,127.08,125.63,125.85,360300,36.02
IWN,2002-02-06,127.65,127.95,126.05,126.75,596100,36.28
IWN,2002-02-05,127.95,128.33,127.06,128.05,156600,36.65
IWN,2002-02-04,129.60,129.60,127.55,128.00,251400,36.64
IWN,2002-02-01,130.45,131.09,129.57,130.30,259200,37.29
IWN,2002-01-31,130.20,130.25,129.30,130.25,482700,37.28
IWN,2002-01-30,128.40,130.04,127.07,129.80,792600,37.15
IWN,2002-01-29,129.87,130.15,127.36,127.65,177600,36.54
IWN,2002-01-28,128.75,129.87,128.75,129.87,423900,37.17
IWN,2002-01-25,128.50,129.18,127.90,128.80,279900,36.86
IWN,2002-01-24,128.45,129.14,128.05,128.66,128100,36.82
IWN,2002-01-23,126.43,128.24,126.00,127.80,451500,36.58
IWN,2002-01-22,127.90,127.98,126.50,126.50,80400,36.21
IWN,2002-01-18,128.50,128.85,127.11,127.12,166500,36.38
IWN,2002-01-17,128.10,129.30,127.25,129.30,102300,37.01
IWN,2002-01-16,128.30,128.68,127.10,127.10,177900,36.38
IWN,2002-01-15,128.20,129.00,127.50,129.00,205800,36.92
IWN,2002-01-14,129.55,129.55,127.50,127.50,125400,36.49
IWN,2002-01-11,131.10,131.35,129.39,129.39,121500,37.03
IWN,2002-01-10,130.75,131.05,130.22,130.70,156600,37.41
IWN,2002-01-09,132.00,132.70,130.40,130.65,399300,37.39
IWN,2002-01-08,130.30,131.15,129.59,131.15,294300,37.54
IWN,2002-01-07,131.95,132.04,130.10,130.10,211500,37.24
IWN,2002-01-04,131.00,132.19,130.50,131.55,203100,37.65
IWN,2002-01-03,129.00,130.45,128.90,130.45,216300,37.34
IWN,2002-01-02,129.00,129.19,126.52,128.95,469200,36.91
IWN,2001-12-31,129.85,130.40,128.00,128.00,402300,36.64
IWN,2001-12-28,130.25,130.48,129.75,129.75,749100,37.14
IWN,2001-12-27,129.80,130.50,129.42,130.18,1319100,37.26
IWN,2001-12-26,128.70,129.80,128.70,129.80,276600,37.15
IWN,2001-12-24,128.00,128.85,128.00,128.66,263400,36.82
IWN,2001-12-21,126.50,128.45,125.80,128.00,224100,36.64
IWN,2001-12-20,127.33,127.69,125.65,125.65,309300,35.96
IWN,2001-12-19,127.55,128.05,127.15,127.30,160500,36.44
IWN,2001-12-18,127.40,128.30,126.75,128.30,209100,36.72
IWN,2001-12-17,124.70,126.40,124.70,126.25,63600,36.13
IWN,2001-12-14,123.05,124.65,123.05,124.65,100800,35.68
IWN,2001-12-13,124.90,125.45,123.66,123.66,188700,35.21
IWN,2001-12-12,125.40,125.69,124.27,125.60,72300,35.76
IWN,2001-12-11,124.95,126.05,124.80,125.24,88500,35.66
IWN,2001-12-10,126.50,127.05,124.55,124.95,277500,35.57
IWN,2001-12-07,127.05,127.60,126.55,126.67,282300,36.06
IWN,2001-12-06,126.35,127.40,126.05,127.40,498300,36.27
IWN,2001-12-05,124.25,126.45,124.25,125.85,176400,35.83
IWN,2001-12-04,121.65,123.79,121.50,123.79,113100,35.24
IWN,2001-12-03,121.60,121.65,120.60,121.65,123000,34.63
IWN,2001-11-30,122.66,123.13,122.00,122.00,98700,34.73
IWN,2001-11-29,120.80,122.90,120.41,122.90,191700,34.99
IWN,2001-11-28,121.56,121.56,120.51,120.63,142800,34.34
IWN,2001-11-27,122.00,122.48,121.25,121.56,162000,34.61
IWN,2001-11-26,121.95,122.34,121.15,121.96,69300,34.72
IWN,2001-11-23,121.18,122.00,121.18,121.70,254700,34.65
IWN,2001-11-21,120.50,120.50,119.51,120.30,54600,34.25
IWN,2001-11-20,121.00,121.39,120.15,120.15,111300,34.21
IWN,2001-11-19,120.50,121.00,120.01,121.00,235200,34.45
IWN,2001-11-16,119.51,120.35,119.32,120.20,123000,34.22
IWN,2001-11-15,119.90,120.30,119.36,119.51,111300,34.02
IWN,2001-11-14,119.30,120.09,118.50,119.90,370200,34.14
IWN,2001-11-13,117.50,118.70,117.16,118.70,349500,33.79
IWN,2001-11-12,115.50,117.03,115.06,116.83,351000,33.26
IWN,2001-11-09,116.65,116.73,115.86,116.12,85500,33.06
IWN,2001-11-08,116.60,117.84,115.85,116.85,223800,33.27
IWN,2001-11-07,117.45,117.95,116.40,116.50,149400,33.17
IWN,2001-11-06,116.09,117.60,115.60,117.60,192300,33.48
IWN,2001-11-05,116.25,116.64,115.60,115.85,339900,32.98
IWN,2001-11-02,115.26,115.90,114.85,114.85,240300,32.70
IWN,2001-11-01,114.30,115.50,113.15,115.50,363000,32.88
IWN,2001-10-31,113.00,114.33,113.00,113.95,181800,32.44
IWN,2001-10-30,113.35,113.48,112.05,113.00,94500,32.17
IWN,2001-10-29,116.16,116.16,113.70,113.70,1145400,32.37
IWN,2001-10-26,115.40,116.50,115.40,116.40,75300,33.14
IWN,2001-10-25,113.50,115.55,112.31,115.40,77400,32.85
IWN,2001-10-24,114.00,114.28,113.47,113.70,277200,32.37
IWN,2001-10-23,115.25,115.38,113.92,113.97,62700,32.45
IWN,2001-10-22,113.50,115.05,113.50,114.56,284100,32.62
IWN,2001-10-19,112.30,113.90,112.27,113.55,178200,32.33
IWN,2001-10-18,113.10,113.63,112.75,112.75,176700,32.10
IWN,2001-10-17,116.25,116.35,113.52,113.53,277800,32.32
IWN,2001-10-16,115.30,116.08,114.97,115.72,316500,32.95
IWN,2001-10-15,114.00,115.00,113.47,115.00,266700,32.74
IWN,2001-10-12,115.07,115.10,113.25,114.78,48000,32.68
IWN,2001-10-11,114.70,116.00,114.70,115.07,161700,32.76
IWN,2001-10-10,110.84,113.49,110.51,113.49,49200,32.31
IWN,2001-10-09,111.26,111.70,110.40,110.60,157500,31.49
IWN,2001-10-08,111.70,112.54,111.35,111.50,34200,31.74
IWN,2001-10-05,112.30,112.94,110.95,112.90,220500,32.14
IWN,2001-10-04,112.79,114.00,112.26,113.00,1196400,32.17
IWN,2001-10-03,109.70,112.79,109.70,112.79,706800,32.11
IWN,2001-10-02,109.50,110.50,109.20,110.50,180600,31.46
IWN,2001-10-01,110.75,110.75,108.30,109.90,332700,31.29
IWN,2001-09-28,109.75,111.90,109.65,111.85,467700,31.63
IWN,2001-09-27,107.60,109.15,107.05,108.85,265200,30.78
IWN,2001-09-26,109.29,109.50,107.50,107.60,445800,30.43
IWN,2001-09-25,107.65,109.15,107.52,109.05,225900,30.84
IWN,2001-09-24,105.25,107.90,105.25,107.85,273600,30.50
IWN,2001-09-21,103.25,105.20,102.90,104.15,245700,29.46
IWN,2001-09-20,109.52,109.75,106.30,106.55,108000,30.13
IWN,2001-09-19,114.70,115.05,108.89,111.50,555000,31.53
IWN,2001-09-18,114.10,114.91,112.90,112.90,135900,31.93
IWN,2001-09-17,114.50,116.50,113.90,113.90,839100,32.21
IWN,2001-09-10,120.30,121.05,119.30,119.60,603000,33.82
IWN,2001-09-07,122.30,123.00,120.70,121.00,387000,34.22
IWN,2001-09-06,125.30,125.30,123.30,123.30,218100,34.87
IWN,2001-09-05,126.20,126.35,125.25,125.70,246000,35.55
IWN,2001-09-04,126.15,127.40,125.90,126.05,440400,35.65
IWN,2001-08-31,126.20,126.90,126.03,126.49,335400,35.77
IWN,2001-08-30,126.75,126.90,125.26,126.00,693000,35.63
IWN,2001-08-29,127.15,127.30,126.50,126.80,206100,35.86
IWN,2001-08-28,127.65,128.10,126.80,127.00,343200,35.92
IWN,2001-08-27,129.00,129.09,128.40,128.40,168300,36.31
IWN,2001-08-24,127.70,128.60,127.51,128.60,311400,36.37
IWN,2001-08-23,128.60,129.14,127.00,127.20,257700,35.97
IWN,2001-08-22,128.00,128.75,127.00,128.75,158700,36.41
IWN,2001-08-21,128.75,129.25,127.35,127.35,273900,36.02
IWN,2001-08-20,127.80,128.90,127.45,128.90,753900,36.45
IWN,2001-08-17,128.20,128.70,127.50,127.80,742800,36.14
IWN,2001-08-16,127.60,129.20,127.30,129.20,468600,36.54
IWN,2001-08-15,127.80,128.15,126.90,127.75,201300,36.13
IWN,2001-08-14,127.10,128.10,127.00,127.35,195900,36.02
IWN,2001-08-13,126.20,127.30,125.95,126.75,235200,35.85
IWN,2001-08-10,125.60,126.60,124.75,126.10,590400,35.66
IWN,2001-08-09,125.25,125.78,124.55,125.78,204000,35.57
IWN,2001-08-08,125.90,127.05,124.55,125.10,217800,35.38
IWN,2001-08-07,126.45,126.60,125.50,126.50,54300,35.78
IWN,2001-08-06,127.35,127.45,126.05,126.50,256800,35.78
IWN,2001-08-03,127.60,128.20,126.50,127.25,167100,35.99
IWN,2001-08-02,127.50,127.80,127.10,127.10,51000,35.95
IWN,2001-08-01,126.55,127.45,126.10,127.30,61200,36.00
IWN,2001-07-31,126.65,127.50,126.00,126.12,103800,35.67
IWN,2001-07-30,126.20,126.30,125.20,126.10,66300,35.66
IWN,2001-07-27,126.70,126.75,125.82,126.45,145800,35.76
IWN,2001-07-26,125.00,126.75,124.45,126.50,143100,35.78
IWN,2001-07-25,123.60,124.88,123.50,124.55,237600,35.22
IWN,2001-07-24,125.50,125.66,123.40,123.45,223800,34.91
IWN,2001-07-23,127.40,127.40,125.50,125.60,496500,35.52
IWN,2001-07-20,126.50,127.10,126.45,126.76,258000,35.85
IWN,2001-07-19,126.25,127.15,126.25,126.80,97500,35.86
IWN,2001-07-18,126.50,126.90,125.51,125.85,445200,35.59
IWN,2001-07-17,124.90,126.65,124.90,126.65,192000,35.82
IWN,2001-07-16,126.20,126.40,124.90,125.50,364200,35.49
IWN,2001-07-13,125.10,126.25,124.83,126.20,175200,35.69
IWN,2001-07-12,123.95,125.74,123.65,125.70,68100,35.55
IWN,2001-07-11,123.00,123.60,122.00,123.30,584100,34.87
IWN,2001-07-10,124.70,125.10,123.35,123.60,511500,34.96
IWN,2001-07-09,124.30,125.20,123.90,124.80,578400,35.30
IWN,2001-07-06,125.50,125.55,123.80,124.15,495300,35.11
IWN,2001-07-05,126.30,126.85,126.00,126.00,381600,35.63
IWN,2001-07-03,126.80,127.20,126.20,126.95,321600,35.90
IWN,2001-07-02,127.30,128.35,126.70,126.70,531300,35.83
IWN,2001-06-29,128.00,129.65,127.85,129.25,345900,36.55
IWN,2001-06-28,126.90,128.25,126.90,127.60,383400,36.09
IWN,2001-06-27,125.70,126.75,125.52,126.45,249300,35.76
IWN,2001-06-26,123.10,125.50,123.00,125.30,270000,35.44
IWN,2001-06-25,125.10,125.20,123.52,123.70,382500,34.98
IWN,2001-06-22,126.68,126.68,124.35,124.50,172800,35.21
IWN,2001-06-21,126.50,127.10,126.00,126.70,379200,35.83
IWN,2001-06-20,124.45,126.45,124.45,126.40,290700,35.75
IWN,2001-06-19,125.70,125.80,124.50,124.56,136200,35.23
IWN,2001-06-18,125.50,126.20,124.50,125.05,167100,35.37
IWN,2001-06-15,124.80,126.05,124.60,125.58,162900,35.52
IWN,2001-06-14,126.70,126.70,125.00,125.25,453300,35.42
IWN,2001-06-13,127.00,128.10,127.00,127.40,365100,36.03
IWN,2001-06-12,126.00,127.35,125.75,127.20,346500,35.97
IWN,2001-06-11,127.00,127.20,126.50,126.81,598800,35.86
IWN,2001-06-08,127.95,128.00,127.05,127.30,52200,36.00
IWN,2001-06-07,128.15,128.45,127.85,128.25,44700,36.12
IWN,2001-06-06,129.00,129.00,128.15,128.44,475200,36.17
IWN,2001-06-05,127.70,129.20,127.70,128.77,644700,36.27
IWN,2001-06-04,126.35,127.64,126.17,127.60,191700,35.94
IWN,2001-06-01,125.20,126.25,124.65,126.25,142200,35.56
IWN,2001-05-31,125.20,126.09,125.15,125.45,126300,35.33
IWN,2001-05-30,125.55,125.55,124.65,124.98,90600,35.20
IWN,2001-05-29,126.40,126.48,125.50,125.55,299700,35.36
IWN,2001-05-25,127.15,127.15,126.15,126.17,197700,35.53
IWN,2001-05-24,126.25,126.82,125.50,126.82,113700,35.72
IWN,2001-05-23,127.95,127.95,126.15,126.15,255600,35.53
IWN,2001-05-22,128.00,128.75,127.40,128.00,480300,36.05
IWN,2001-05-21,126.85,127.60,126.51,127.50,114600,35.91
IWN,2001-05-18,126.30,127.00,126.15,126.65,114000,35.67
IWN,2001-05-17,125.75,126.46,125.51,126.35,113400,35.58
IWN,2001-05-16,123.55,125.90,123.55,125.74,238200,35.41
IWN,2001-05-15,123.35,123.90,123.10,123.85,88800,34.88
IWN,2001-05-14,123.20,123.45,122.65,123.45,111000,34.77
IWN,2001-05-11,123.65,123.88,122.80,123.10,99600,34.67
IWN,2001-05-10,123.90,123.99,123.45,123.75,35700,34.85
IWN,2001-05-09,123.25,123.70,123.25,123.38,92700,34.75
IWN,2001-05-08,123.45,123.60,122.66,123.60,105600,34.81
IWN,2001-05-07,123.90,124.25,123.10,123.20,155700,34.70
IWN,2001-05-04,121.55,123.45,121.00,123.15,174000,34.68
IWN,2001-05-03,122.10,122.34,121.45,122.15,49800,34.40
IWN,2001-05-02,123.05,123.10,122.10,122.60,269100,34.53
IWN,2001-05-01,122.15,122.88,121.41,122.88,98400,34.61
IWN,2001-04-30,122.65,123.00,121.70,122.27,211800,34.44
IWN,2001-04-27,121.45,122.35,121.15,122.35,234900,34.46
IWN,2001-04-26,120.15,121.35,119.70,121.10,134400,34.11
IWN,2001-04-25,117.65,119.60,117.30,119.15,201000,33.56
IWN,2001-04-24,116.80,117.75,116.80,116.80,107100,32.90
IWN,2001-04-23,117.25,117.35,116.45,117.00,100500,32.95
IWN,2001-04-20,118.10,118.45,116.50,117.50,414000,33.09
IWN,2001-04-19,118.25,118.90,117.75,118.85,252000,33.47
IWN,2001-04-18,117.00,121.95,117.00,118.00,307500,33.23
IWN,2001-04-17,115.85,116.95,115.75,116.95,56400,32.94
IWN,2001-04-16,116.35,116.40,115.55,116.05,118800,32.68
IWN,2001-04-12,115.40,116.30,115.40,116.20,92700,32.73
IWN,2001-04-11,117.60,117.65,115.24,115.72,65400,32.59
IWN,2001-04-10,115.70,117.35,115.70,117.00,179400,32.95
IWN,2001-04-09,113.65,115.75,113.65,115.25,165900,32.46
IWN,2001-04-06,115.30,115.30,113.90,114.10,40800,32.13
IWN,2001-04-05,113.10,116.00,113.10,116.00,233100,32.67
IWN,2001-04-04,113.00,113.45,112.10,112.90,159600,31.80
IWN,2001-04-03,114.85,114.85,112.20,112.65,131100,31.73
IWN,2001-04-02,116.80,116.85,114.75,114.90,86100,32.36
IWN,2001-03-30,114.70,116.35,114.70,116.20,179100,32.73
IWN,2001-03-29,114.00,115.15,113.50,114.00,50400,32.11
IWN,2001-03-28,114.35,114.80,113.70,114.25,86400,32.18
IWN,2001-03-27,114.80,115.90,113.80,115.45,245100,32.51
IWN,2001-03-26,114.10,115.35,113.70,114.80,57300,32.33
IWN,2001-03-23,112.50,113.50,112.50,113.40,113100,31.94
IWN,2001-03-22,112.70,112.70,109.20,111.80,406200,31.49
IWN,2001-03-21,114.65,114.65,112.65,113.10,132900,31.85
IWN,2001-03-20,116.20,117.15,114.55,114.55,118800,32.26
IWN,2001-03-19,114.10,116.20,114.00,116.20,215400,32.73
IWN,2001-03-16,116.00,116.35,114.00,114.45,133500,32.23
IWN,2001-03-15,116.70,116.70,115.80,116.00,182400,32.67
IWN,2001-03-14,116.00,117.55,115.70,115.70,273000,32.59
IWN,2001-03-13,117.75,118.35,116.00,118.35,284100,33.33
IWN,2001-03-12,119.25,119.50,117.70,117.90,179100,33.20
IWN,2001-03-09,120.70,120.75,119.90,120.30,93300,33.88
IWN,2001-03-08,121.80,121.95,121.50,121.90,177000,34.21
IWN,2001-03-07,120.79,121.95,120.79,121.95,237000,34.23
IWN,2001-03-06,120.35,120.65,120.05,120.30,97800,33.76
IWN,2001-03-05,120.30,120.60,119.70,119.70,320700,33.59
IWN,2001-03-02,118.30,120.40,118.20,119.95,260700,33.66
IWN,2001-03-01,118.65,118.65,117.10,118.65,108600,33.30
IWN,2001-02-28,118.90,119.05,117.80,118.85,756000,33.36
IWN,2001-02-27,119.85,120.27,119.00,119.50,701400,33.54
IWN,2001-02-26,118.90,120.00,118.90,119.85,226200,33.64
IWN,2001-02-23,117.55,117.85,115.70,117.46,120900,32.97
IWN,2001-02-22,118.90,119.25,117.31,118.00,129000,33.12
IWN,2001-02-21,120.00,120.25,118.75,119.02,469500,33.40
IWN,2001-02-20,121.60,121.64,120.12,120.58,69900,33.84
IWN,2001-02-16,121.75,122.05,121.05,121.40,47700,34.07
IWN,2001-02-15,122.70,123.00,122.55,122.70,201000,34.44
IWN,2001-02-14,121.90,121.95,121.20,121.40,372000,34.07
IWN,2001-02-13,122.35,123.28,122.00,122.00,139500,34.24
IWN,2001-02-12,119.70,122.05,119.70,122.00,26400,34.24
IWN,2001-02-09,120.70,120.70,119.75,119.90,38400,33.65
IWN,2001-02-08,121.35,121.55,120.50,120.70,108300,33.87
IWN,2001-02-07,120.50,121.60,120.50,121.60,52200,34.13
IWN,2001-02-06,119.55,120.75,119.52,120.25,117300,33.75
IWN,2001-02-05,119.10,119.85,119.10,119.85,38400,33.64
IWN,2001-02-02,119.80,120.35,119.35,119.35,60300,33.50
IWN,2001-02-01,119.55,119.90,119.00,119.90,21000,33.65
IWN,2001-01-31,119.85,120.30,118.97,118.97,123000,33.39
IWN,2001-01-30,119.25,119.40,118.40,119.35,52800,33.50
IWN,2001-01-29,117.25,118.55,117.25,118.40,105000,33.23
IWN,2001-01-26,117.25,117.44,116.56,117.42,91800,32.95
IWN,2001-01-25,117.62,118.06,117.19,117.75,70500,33.05
IWN,2001-01-24,117.50,118.11,117.41,117.59,121800,33.00
IWN,2001-01-23,115.69,117.44,115.69,117.44,102300,32.96
IWN,2001-01-22,114.87,115.87,114.77,115.62,123900,32.45
IWN,2001-01-19,116.62,116.62,115.06,115.25,68400,32.34
IWN,2001-01-18,116.81,117.00,116.25,116.97,130500,32.83
IWN,2001-01-17,117.94,118.06,116.81,116.81,389100,32.78
IWN,2001-01-16,115.62,117.12,115.25,117.12,137100,32.87
IWN,2001-01-12,115.69,115.87,115.06,115.69,242400,32.47
IWN,2001-01-11,115.69,116.00,115.19,115.69,359400,32.47
IWN,2001-01-10,113.50,115.50,113.50,115.50,141900,32.42
IWN,2001-01-09,114.12,114.12,113.41,114.00,72900,31.99
IWN,2001-01-08,113.06,114.12,112.69,114.12,69300,32.03
IWN,2001-01-05,114.87,114.87,113.06,113.31,390000,31.80
IWN,2001-01-04,116.37,116.37,114.87,114.87,176400,32.24
IWN,2001-01-03,113.00,116.56,113.00,116.56,570300,32.71
IWN,2001-01-02,115.56,115.56,112.45,112.45,207900,31.56
IWN,2000-12-29,117.94,118.06,115.62,115.62,216900,32.45
IWN,2000-12-28,114.75,117.81,114.75,117.81,1263600,33.06
IWN,2000-12-27,112.41,114.69,112.12,114.69,82500,32.19
IWN,2000-12-26,111.37,112.66,111.37,112.44,96600,31.56
IWN,2000-12-22,109.00,111.25,109.00,111.12,212100,31.19
IWN,2000-12-21,107.28,108.75,106.94,108.56,316500,30.47
IWN,2000-12-20,108.00,108.00,106.87,107.37,30600,30.13
IWN,2000-12-19,109.25,109.83,108.62,109.06,179100,30.61
IWN,2000-12-18,107.50,108.81,107.50,108.44,509400,30.43
IWN,2000-12-15,107.62,107.62,106.44,106.87,129000,29.99
IWN,2000-12-14,108.53,108.53,107.19,107.62,190200,30.20
IWN,2000-12-13,109.72,109.72,108.37,108.44,32700,30.43
IWN,2000-12-12,110.97,111.09,110.00,110.00,21900,30.69
IWN,2000-12-11,110.41,111.50,110.41,111.25,302400,31.04
IWN,2000-12-08,108.62,110.25,108.62,110.00,191700,30.69
IWN,2000-12-07,107.62,108.06,107.62,107.87,117300,30.09
IWN,2000-12-06,109.25,109.25,107.62,107.69,59400,30.04
IWN,2000-12-05,107.00,109.56,107.00,109.50,257100,30.55
IWN,2000-12-04,106.50,107.12,106.50,106.62,27900,29.75
IWN,2000-12-01,106.00,106.87,106.00,106.62,8400,29.75
IWN,2000-11-30,105.75,106.06,104.94,106.06,21000,29.59
IWN,2000-11-29,106.31,106.31,105.87,106.19,3300,29.63
IWN,2000-11-28,107.19,107.19,106.56,106.56,7800,29.73
IWN,2000-11-27,107.75,108.00,107.44,107.44,124200,29.97
IWN,2000-11-24,106.44,107.00,106.44,106.81,3300,29.80
IWN,2000-11-22,106.06,106.06,105.25,105.62,16500,29.47
IWN,2000-11-21,106.31,106.37,105.81,106.37,15000,29.68
IWN,2000-11-20,106.37,106.75,106.25,106.25,102300,29.64
IWN,2000-11-17,108.31,108.37,107.69,107.69,47700,30.04
IWN,2000-11-16,108.06,108.06,107.00,107.00,6300,29.85
IWN,2000-11-15,106.87,108.06,106.87,107.62,900,30.02
IWN,2000-11-14,107.12,107.19,106.75,107.05,15300,29.87
IWN,2000-11-13,105.44,106.00,104.69,106.00,91200,29.57
IWN,2000-11-10,107.28,107.50,105.87,106.00,5700,29.57
IWN,2000-11-09,107.62,107.62,106.28,107.44,53400,29.97
IWN,2000-11-08,108.06,108.94,108.06,108.50,70800,30.27
IWN,2000-11-07,107.81,108.31,107.62,108.31,45000,30.22
IWN,2000-11-06,108.44,108.44,107.81,107.81,61500,30.08
IWN,2000-11-03,108.44,108.44,108.00,108.37,433500,30.23
IWN,2000-11-02,107.75,108.31,107.75,108.31,6300,30.22
IWN,2000-11-01,107.19,107.19,106.75,106.81,9000,29.80
IWN,2000-10-31,105.97,107.12,105.97,107.12,8100,29.88
IWN,2000-10-30,103.87,105.50,103.87,105.50,3600,29.43
IWN,2000-10-27,103.34,103.86,103.34,103.81,13200,28.96
IWN,2000-10-26,102.25,102.50,101.81,102.50,3300,28.60
IWN,2000-10-25,102.86,103.00,102.25,102.25,3900,28.53
IWN,2000-10-24,103.22,103.22,103.22,103.22,300,28.80
IWN,2000-10-23,103.12,103.28,102.87,103.28,4800,28.81
IWN,2000-10-20,102.87,103.11,102.87,103.11,7500,28.77
IWN,2000-10-19,101.50,102.50,101.37,102.50,47700,28.60
IWN,2000-10-18,99.50,100.62,99.50,100.62,8400,28.07
IWN,2000-10-17,102.94,102.94,101.00,101.00,2400,28.18
IWN,2000-10-16,103.06,103.44,103.06,103.44,8100,28.86
IWN,2000-10-13,101.12,103.37,101.12,103.37,157800,28.84
IWN,2000-10-12,102.94,102.94,100.69,101.19,105300,28.23
IWN,2000-10-11,103.34,103.37,102.56,102.87,164100,28.70
IWN,2000-10-10,104.94,104.94,103.62,103.62,5400,28.91
IWN,2000-10-09,104.97,104.97,104.44,104.47,2400,29.15
IWN,2000-10-06,105.37,105.37,105.28,105.28,900,29.37
IWN,2000-10-05,106.20,106.20,106.20,106.20,000,29.63
IWN,2000-10-04,106.19,106.20,106.00,106.20,1500,29.63
IWN,2000-10-03,106.94,106.94,106.44,106.44,1200,29.70
IWN,2000-10-02,107.87,107.87,107.31,107.31,3300,29.94
IWN,2000-09-29,107.84,108.00,107.84,108.00,3900,30.13
IWN,2000-09-28,105.72,105.72,105.72,105.72,000,29.49
IWN,2000-09-27,105.31,105.72,105.31,105.72,4800,29.49
IWN,2000-09-26,105.81,105.81,105.69,105.69,15900,29.49
IWN,2000-09-25,106.37,106.37,105.81,105.81,16500,29.52
IWN,2000-09-22,104.37,106.06,104.37,106.06,13200,29.59
IWN,2000-09-21,107.28,107.28,106.62,106.62,4200,29.75
IWN,2000-09-20,106.87,107.52,106.87,106.94,116400,29.83
IWN,2000-09-19,107.53,107.53,107.00,107.44,4800,29.86
IWN,2000-09-18,109.00,109.00,107.50,107.52,34200,29.88
IWN,2000-09-15,109.84,110.00,109.37,109.37,46500,30.40
IWN,2000-09-14,110.50,110.75,110.27,110.75,8100,30.78
IWN,2000-09-13,110.69,110.69,109.89,110.44,73200,30.70
IWN,2000-09-12,110.44,110.45,110.12,110.12,6900,30.61
IWN,2000-09-11,110.22,110.75,110.16,110.34,28200,30.67
IWN,2000-09-08,110.25,110.31,109.81,109.81,12600,30.52
IWN,2000-09-07,109.86,110.44,109.75,110.44,47700,30.70
IWN,2000-09-06,108.81,109.62,108.78,109.50,127800,30.44
IWN,2000-09-05,109.11,109.11,108.81,108.81,11400,30.24
IWN,2000-09-01,108.97,109.17,108.81,108.81,32100,30.24
IWN,2000-08-31,108.62,108.62,108.62,108.62,12300,30.19
IWN,2000-08-30,107.92,108.05,107.75,108.05,37500,30.03
IWN,2000-08-29,107.59,108.06,107.59,108.06,15000,30.03
IWN,2000-08-28,107.97,107.97,107.53,107.53,9000,29.89
IWN,2000-08-25,107.75,107.75,107.50,107.69,20100,29.93
IWN,2000-08-24,107.36,107.56,107.36,107.56,900,29.90
IWN,2000-08-23,107.39,107.39,107.39,107.39,300,29.85
IWN,2000-08-22,107.44,107.44,107.44,107.44,600,29.86
IWN,2000-08-21,107.37,107.37,107.34,107.34,3000,29.83
IWN,2000-08-18,108.06,108.06,108.06,108.06,000,30.03
IWN,2000-08-17,107.41,108.06,107.41,108.06,1200,30.03
IWN,2000-08-16,107.50,107.75,107.50,107.56,5400,29.90
IWN,2000-08-15,108.11,108.11,107.25,107.25,5400,29.81
IWN,2000-08-14,107.41,108.19,107.41,108.19,1500,30.07
IWN,2000-08-11,105.81,105.81,105.81,105.81,600,29.41
IWN,2000-08-10,106.00,106.00,106.00,106.00,2700,29.46
IWN,2000-08-09,106.73,106.84,106.20,106.20,3000,29.52
IWN,2000-08-08,106.22,106.55,106.22,106.39,1800,29.57
IWN,2000-08-07,105.73,106.23,105.73,106.23,6600,29.53
IWN,2000-08-04,105.12,105.50,104.72,105.37,68100,29.29
IWN,2000-08-03,103.81,104.87,103.81,104.87,45300,29.15
IWN,2000-08-02,104.25,104.67,104.25,104.67,1500,29.09
IWN,2000-08-01,103.94,104.09,103.94,104.09,2400,28.93
IWN,2000-07-31,102.34,103.06,102.34,103.06,7500,28.65
IWN,2000-07-28,102.37,102.62,102.31,102.44,4200,28.47
